timestamp,noutputs,output[0],output[1],output[2],output[3],output[4],output[5],output[6],output[7],output[8],output[9],output[10],output[11],output[12],output[13],output[14],output[15]
192000,6,900.0,900.0,900.0,900.0,900.0,900.0,0.0,0.0,0.0,0.0,0.0,0.0,0.0,0.0,0.0,0.0
196000,6,900.0,900.0,900.0,900.0,900.0,900.0,0.0,0.0,0.0,0.0,0.0,0.0,0.0,0.0,0.0,0.0
300000,6,900.0,900.0,900.0,900.0,900.0,900.0,0.0,0.0,0.0,0.0,0.0,0.0,0.0,0.0,0.0,0.0
400000,6,900.0,900.0,900.0,900.0,900.0,900.0,0.0,0.0,0.0,0.0,0.0,0.0,0.0,0.0,0.0,0.0
500000,6,900.0,900.0,900.0,900.0,900.0,900.0,0.0,0.0,0.0,0.0,0.0,0.0,0.0,0.0,0.0,0.0
600000,6,900.0,900.0,900.0,900.0,900.0,900.0,0.0,0.0,0.0,0.0,0.0,0.0,0.0,0.0,0.0,0.0
700000,6,900.0,900.0,900.0,900.0,900.0,900.0,0.0,0.0,0.0,0.0,0.0,0.0,0.0,0.0,0.0,0.0
800000,6,900.0,900.0,900.0,900.0,900.0,900.0,0.0,0.0,0.0,0.0,0.0,0.0,0.0,0.0,0.0,0.0
900000,6,900.0,900.0,900.0,900.0,900.0,900.0,0.0,0.0,0.0,0.0,0.0,0.0,0.0,0.0,0.0,0.0
1000000,6,900.0,900.0,900.0,900.0,900.0,900.0,0.0,0.0,0.0,0.0,0.0,0.0,0.0,0.0,0.0,0.0
1100000,6,900.0,900.0,900.0,900.0,900.0,900.0,0.0,0.0,0.0,0.0,0.0,0.0,0.0,0.0,0.0,0.0
1200000,6,900.0,900.0,900.0,900.0,900.0,900.0,0.0,0.0,0.0,0.0,0.0,0.0,0.0,0.0,0.0,0.0
1300000,6,900.0,900.0,900.0,900.0,900.0,900.0,0.0,0.0,0.0,0.0,0.0,0.0,0.0,0.0,0.0,0.0
1400000,6,900.0,900.0,900.0,900.0,900.0,900.0,0.0,0.0,0.0,0.0,0.0,0.0,0.0,0.0,0.0,0.0
1500000,6,900.0,900.0,900.0,900.0,900.0,900.0,0.0,0.0,0.0,0.0,0.0,0.0,0.0,0.0,0.0,0.0
1600000,6,900.0,900.0,900.0,900.0,900.0,900.0,0.0,0.0,0.0,0.0,0.0,0.0,0.0,0.0,0.0,0.0
1696000,6,900.0,900.0,900.0,900.0,900.0,900.0,0.0,0.0,0.0,0.0,0.0,0.0,0.0,0.0,0.0,0.0
1800000,6,900.0,900.0,900.0,900.0,900.0,900.0,0.0,0.0,0.0,0.0,0.0,0.0,0.0,0.0,0.0,0.0
1900000,6,900.0,900.0,900.0,900.0,900.0,900.0,0.0,0.0,0.0,0.0,0.0,0.0,0.0,0.0,0.0,0.0
2000000,6,900.0,900.0,900.0,900.0,900.0,900.0,0.0,0.0,0.0,0.0,0.0,0.0,0.0,0.0,0.0,0.0
2100000,6,900.0,900.0,900.0,900.0,900.0,900.0,0.0,0.0,0.0,0.0,0.0,0.0,0.0,0.0,0.0,0.0
2200000,6,900.0,900.0,900.0,900.0,900.0,900.0,0.0,0.0,0.0,0.0,0.0,0.0,0.0,0.0,0.0,0.0
2300000,6,900.0,900.0,900.0,900.0,900.0,900.0,0.0,0.0,0.0,0.0,0.0,0.0,0.0,0.0,0.0,0.0
2400000,6,900.0,900.0,900.0,900.0,900.0,900.0,0.0,0.0,0.0,0.0,0.0,0.0,0.0,0.0,0.0,0.0
2500000,6,900.0,900.0,900.0,900.0,900.0,900.0,0.0,0.0,0.0,0.0,0.0,0.0,0.0,0.0,0.0,0.0
2600000,6,900.0,900.0,900.0,900.0,900.0,900.0,0.0,0.0,0.0,0.0,0.0,0.0,0.0,0.0,0.0,0.0
2700000,6,900.0,900.0,900.0,900.0,900.0,900.0,0.0,0.0,0.0,0.0,0.0,0.0,0.0,0.0,0.0,0.0
2800000,6,900.0,900.0,900.0,900.0,900.0,900.0,0.0,0.0,0.0,0.0,0.0,0.0,0.0,0.0,0.0,0.0
2900000,6,900.0,900.0,900.0,900.0,900.0,900.0,0.0,0.0,0.0,0.0,0.0,0.0,0.0,0.0,0.0,0.0
3000000,6,900.0,900.0,900.0,900.0,900.0,900.0,0.0,0.0,0.0,0.0,0.0,0.0,0.0,0.0,0.0,0.0
3100000,6,900.0,900.0,900.0,900.0,900.0,900.0,0.0,0.0,0.0,0.0,0.0,0.0,0.0,0.0,0.0,0.0
3200000,6,900.0,900.0,900.0,900.0,900.0,900.0,0.0,0.0,0.0,0.0,0.0,0.0,0.0,0.0,0.0,0.0
3300000,6,900.0,900.0,900.0,900.0,900.0,900.0,0.0,0.0,0.0,0.0,0.0,0.0,0.0,0.0,0.0,0.0
3400000,6,900.0,900.0,900.0,900.0,900.0,900.0,0.0,0.0,0.0,0.0,0.0,0.0,0.0,0.0,0.0,0.0
3500000,6,900.0,900.0,900.0,900.0,900.0,900.0,0.0,0.0,0.0,0.0,0.0,0.0,0.0,0.0,0.0,0.0
3600000,6,900.0,900.0,900.0,900.0,900.0,900.0,0.0,0.0,0.0,0.0,0.0,0.0,0.0,0.0,0.0,0.0
3700000,6,900.0,900.0,900.0,900.0,900.0,900.0,0.0,0.0,0.0,0.0,0.0,0.0,0.0,0.0,0.0,0.0
3800000,6,900.0,900.0,900.0,900.0,900.0,900.0,0.0,0.0,0.0,0.0,0.0,0.0,0.0,0.0,0.0,0.0
3900000,6,900.0,900.0,900.0,900.0,900.0,900.0,0.0,0.0,0.0,0.0,0.0,0.0,0.0,0.0,0.0,0.0
4000000,6,900.0,900.0,900.0,900.0,900.0,900.0,0.0,0.0,0.0,0.0,0.0,0.0,0.0,0.0,0.0,0.0
4100000,6,900.0,900.0,900.0,900.0,900.0,900.0,0.0,0.0,0.0,0.0,0.0,0.0,0.0,0.0,0.0,0.0
4200000,6,900.0,900.0,900.0,900.0,900.0,900.0,0.0,0.0,0.0,0.0,0.0,0.0,0.0,0.0,0.0,0.0
4300000,6,900.0,900.0,900.0,900.0,900.0,900.0,0.0,0.0,0.0,0.0,0.0,0.0,0.0,0.0,0.0,0.0
4400000,6,900.0,900.0,900.0,900.0,900.0,900.0,0.0,0.0,0.0,0.0,0.0,0.0,0.0,0.0,0.0,0.0
4500000,6,900.0,900.0,900.0,900.0,900.0,900.0,0.0,0.0,0.0,0.0,0.0,0.0,0.0,0.0,0.0,0.0
4600000,6,900.0,900.0,900.0,900.0,900.0,900.0,0.0,0.0,0.0,0.0,0.0,0.0,0.0,0.0,0.0,0.0
4700000,6,900.0,900.0,900.0,900.0,900.0,900.0,0.0,0.0,0.0,0.0,0.0,0.0,0.0,0.0,0.0,0.0
4800000,6,900.0,900.0,900.0,900.0,900.0,900.0,0.0,0.0,0.0,0.0,0.0,0.0,0.0,0.0,0.0,0.0
4900000,6,900.0,900.0,900.0,900.0,900.0,900.0,0.0,0.0,0.0,0.0,0.0,0.0,0.0,0.0,0.0,0.0
5000000,6,900.0,900.0,900.0,900.0,900.0,900.0,0.0,0.0,0.0,0.0,0.0,0.0,0.0,0.0,0.0,0.0
5100000,6,900.0,900.0,900.0,900.0,900.0,900.0,0.0,0.0,0.0,0.0,0.0,0.0,0.0,0.0,0.0,0.0
5200000,6,900.0,900.0,900.0,900.0,900.0,900.0,0.0,0.0,0.0,0.0,0.0,0.0,0.0,0.0,0.0,0.0
5296000,6,900.0,900.0,900.0,900.0,900.0,900.0,0.0,0.0,0.0,0.0,0.0,0.0,0.0,0.0,0.0,0.0
5400000,6,900.0,900.0,900.0,900.0,900.0,900.0,0.0,0.0,0.0,0.0,0.0,0.0,0.0,0.0,0.0,0.0
5500000,6,900.0,900.0,900.0,900.0,900.0,900.0,0.0,0.0,0.0,0.0,0.0,0.0,0.0,0.0,0.0,0.0
5600000,6,900.0,900.0,900.0,900.0,900.0,900.0,0.0,0.0,0.0,0.0,0.0,0.0,0.0,0.0,0.0,0.0
5700000,6,900.0,900.0,900.0,900.0,900.0,900.0,0.0,0.0,0.0,0.0,0.0,0.0,0.0,0.0,0.0,0.0
5800000,6,900.0,900.0,900.0,900.0,900.0,900.0,0.0,0.0,0.0,0.0,0.0,0.0,0.0,0.0,0.0,0.0
5900000,6,900.0,900.0,900.0,900.0,900.0,900.0,0.0,0.0,0.0,0.0,0.0,0.0,0.0,0.0,0.0,0.0
6000000,6,900.0,900.0,900.0,900.0,900.0,900.0,0.0,0.0,0.0,0.0,0.0,0.0,0.0,0.0,0.0,0.0
6100000,6,900.0,900.0,900.0,900.0,900.0,900.0,0.0,0.0,0.0,0.0,0.0,0.0,0.0,0.0,0.0,0.0
6200000,6,900.0,900.0,900.0,900.0,900.0,900.0,0.0,0.0,0.0,0.0,0.0,0.0,0.0,0.0,0.0,0.0
6300000,6,900.0,900.0,900.0,900.0,900.0,900.0,0.0,0.0,0.0,0.0,0.0,0.0,0.0,0.0,0.0,0.0
6400000,6,900.0,900.0,900.0,900.0,900.0,900.0,0.0,0.0,0.0,0.0,0.0,0.0,0.0,0.0,0.0,0.0
6500000,6,900.0,900.0,900.0,900.0,900.0,900.0,0.0,0.0,0.0,0.0,0.0,0.0,0.0,0.0,0.0,0.0
6600000,6,900.0,900.0,900.0,900.0,900.0,900.0,0.0,0.0,0.0,0.0,0.0,0.0,0.0,0.0,0.0,0.0
6700000,6,900.0,900.0,900.0,900.0,900.0,900.0,0.0,0.0,0.0,0.0,0.0,0.0,0.0,0.0,0.0,0.0
6800000,6,900.0,900.0,900.0,900.0,900.0,900.0,0.0,0.0,0.0,0.0,0.0,0.0,0.0,0.0,0.0,0.0
6900000,6,900.0,900.0,900.0,900.0,900.0,900.0,0.0,0.0,0.0,0.0,0.0,0.0,0.0,0.0,0.0,0.0
7000000,6,900.0,900.0,900.0,900.0,900.0,900.0,0.0,0.0,0.0,0.0,0.0,0.0,0.0,0.0,0.0,0.0
7096000,6,900.0,900.0,900.0,900.0,900.0,900.0,0.0,0.0,0.0,0.0,0.0,0.0,0.0,0.0,0.0,0.0
7200000,6,900.0,900.0,900.0,900.0,900.0,900.0,0.0,0.0,0.0,0.0,0.0,0.0,0.0,0.0,0.0,0.0
7300000,6,900.0,900.0,900.0,900.0,900.0,900.0,0.0,0.0,0.0,0.0,0.0,0.0,0.0,0.0,0.0,0.0
7400000,6,900.0,900.0,900.0,900.0,900.0,900.0,0.0,0.0,0.0,0.0,0.0,0.0,0.0,0.0,0.0,0.0
7500000,6,900.0,900.0,900.0,900.0,900.0,900.0,0.0,0.0,0.0,0.0,0.0,0.0,0.0,0.0,0.0,0.0
7600000,6,900.0,900.0,900.0,900.0,900.0,900.0,0.0,0.0,0.0,0.0,0.0,0.0,0.0,0.0,0.0,0.0
7700000,6,900.0,900.0,900.0,900.0,900.0,900.0,0.0,0.0,0.0,0.0,0.0,0.0,0.0,0.0,0.0,0.0
7800000,6,900.0,900.0,900.0,900.0,900.0,900.0,0.0,0.0,0.0,0.0,0.0,0.0,0.0,0.0,0.0,0.0
7900000,6,900.0,900.0,900.0,900.0,900.0,900.0,0.0,0.0,0.0,0.0,0.0,0.0,0.0,0.0,0.0,0.0
8000000,6,900.0,900.0,900.0,900.0,900.0,900.0,0.0,0.0,0.0,0.0,0.0,0.0,0.0,0.0,0.0,0.0
8100000,6,900.0,900.0,900.0,900.0,900.0,900.0,0.0,0.0,0.0,0.0,0.0,0.0,0.0,0.0,0.0,0.0
8200000,6,900.0,900.0,900.0,900.0,900.0,900.0,0.0,0.0,0.0,0.0,0.0,0.0,0.0,0.0,0.0,0.0
8300000,6,900.0,900.0,900.0,900.0,900.0,900.0,0.0,0.0,0.0,0.0,0.0,0.0,0.0,0.0,0.0,0.0
8400000,6,900.0,900.0,900.0,900.0,900.0,900.0,0.0,0.0,0.0,0.0,0.0,0.0,0.0,0.0,0.0,0.0
8500000,6,900.0,900.0,900.0,900.0,900.0,900.0,0.0,0.0,0.0,0.0,0.0,0.0,0.0,0.0,0.0,0.0
8600000,6,900.0,900.0,900.0,900.0,900.0,900.0,0.0,0.0,0.0,0.0,0.0,0.0,0.0,0.0,0.0,0.0
8700000,6,900.0,900.0,900.0,900.0,900.0,900.0,0.0,0.0,0.0,0.0,0.0,0.0,0.0,0.0,0.0,0.0
8800000,6,900.0,900.0,900.0,900.0,900.0,900.0,0.0,0.0,0.0,0.0,0.0,0.0,0.0,0.0,0.0,0.0
8900000,6,900.0,900.0,900.0,900.0,900.0,900.0,0.0,0.0,0.0,0.0,0.0,0.0,0.0,0.0,0.0,0.0
9000000,6,900.0,900.0,900.0,900.0,900.0,900.0,0.0,0.0,0.0,0.0,0.0,0.0,0.0,0.0,0.0,0.0
9100000,6,900.0,900.0,900.0,900.0,900.0,900.0,0.0,0.0,0.0,0.0,0.0,0.0,0.0,0.0,0.0,0.0
9200000,6,900.0,900.0,900.0,900.0,900.0,900.0,0.0,0.0,0.0,0.0,0.0,0.0,0.0,0.0,0.0,0.0
9300000,6,900.0,900.0,900.0,900.0,900.0,900.0,0.0,0.0,0.0,0.0,0.0,0.0,0.0,0.0,0.0,0.0
9400000,6,900.0,900.0,900.0,900.0,900.0,900.0,0.0,0.0,0.0,0.0,0.0,0.0,0.0,0.0,0.0,0.0
9500000,6,900.0,900.0,900.0,900.0,900.0,900.0,0.0,0.0,0.0,0.0,0.0,0.0,0.0,0.0,0.0,0.0
9600000,6,900.0,900.0,900.0,900.0,900.0,900.0,0.0,0.0,0.0,0.0,0.0,0.0,0.0,0.0,0.0,0.0
9700000,6,900.0,900.0,900.0,900.0,900.0,900.0,0.0,0.0,0.0,0.0,0.0,0.0,0.0,0.0,0.0,0.0
9800000,6,900.0,900.0,900.0,900.0,900.0,900.0,0.0,0.0,0.0,0.0,0.0,0.0,0.0,0.0,0.0,0.0
9900000,6,900.0,900.0,900.0,900.0,900.0,900.0,0.0,0.0,0.0,0.0,0.0,0.0,0.0,0.0,0.0,0.0
10000000,6,900.0,900.0,900.0,900.0,900.0,900.0,0.0,0.0,0.0,0.0,0.0,0.0,0.0,0.0,0.0,0.0
10100000,6,900.0,900.0,900.0,900.0,900.0,900.0,0.0,0.0,0.0,0.0,0.0,0.0,0.0,0.0,0.0,0.0
10200000,6,900.0,900.0,900.0,900.0,900.0,900.0,0.0,0.0,0.0,0.0,0.0,0.0,0.0,0.0,0.0,0.0
10296000,6,900.0,900.0,900.0,900.0,900.0,900.0,0.0,0.0,0.0,0.0,0.0,0.0,0.0,0.0,0.0,0.0
10396000,6,900.0,900.0,900.0,900.0,900.0,900.0,0.0,0.0,0.0,0.0,0.0,0.0,0.0,0.0,0.0,0.0
10496000,6,900.0,900.0,900.0,900.0,900.0,900.0,0.0,0.0,0.0,0.0,0.0,0.0,0.0,0.0,0.0,0.0
10600000,6,900.0,900.0,900.0,900.0,900.0,900.0,0.0,0.0,0.0,0.0,0.0,0.0,0.0,0.0,0.0,0.0
10700000,6,900.0,900.0,900.0,900.0,900.0,900.0,0.0,0.0,0.0,0.0,0.0,0.0,0.0,0.0,0.0,0.0
10800000,6,900.0,900.0,900.0,900.0,900.0,900.0,0.0,0.0,0.0,0.0,0.0,0.0,0.0,0.0,0.0,0.0
10900000,6,900.0,900.0,900.0,900.0,900.0,900.0,0.0,0.0,0.0,0.0,0.0,0.0,0.0,0.0,0.0,0.0
11000000,6,900.0,900.0,900.0,900.0,900.0,900.0,0.0,0.0,0.0,0.0,0.0,0.0,0.0,0.0,0.0,0.0
11100000,6,900.0,900.0,900.0,900.0,900.0,900.0,0.0,0.0,0.0,0.0,0.0,0.0,0.0,0.0,0.0,0.0
11200000,6,900.0,900.0,900.0,900.0,900.0,900.0,0.0,0.0,0.0,0.0,0.0,0.0,0.0,0.0,0.0,0.0
11300000,6,900.0,900.0,900.0,900.0,900.0,900.0,0.0,0.0,0.0,0.0,0.0,0.0,0.0,0.0,0.0,0.0
11400000,6,900.0,900.0,900.0,900.0,900.0,900.0,0.0,0.0,0.0,0.0,0.0,0.0,0.0,0.0,0.0,0.0
11500000,6,900.0,900.0,900.0,900.0,900.0,900.0,0.0,0.0,0.0,0.0,0.0,0.0,0.0,0.0,0.0,0.0
11600000,6,900.0,900.0,900.0,900.0,900.0,900.0,0.0,0.0,0.0,0.0,0.0,0.0,0.0,0.0,0.0,0.0
11700000,6,900.0,900.0,900.0,900.0,900.0,900.0,0.0,0.0,0.0,0.0,0.0,0.0,0.0,0.0,0.0,0.0
11800000,6,900.0,900.0,900.0,900.0,900.0,900.0,0.0,0.0,0.0,0.0,0.0,0.0,0.0,0.0,0.0,0.0
11900000,6,900.0,900.0,900.0,900.0,900.0,900.0,0.0,0.0,0.0,0.0,0.0,0.0,0.0,0.0,0.0,0.0
12000000,6,900.0,900.0,900.0,900.0,900.0,900.0,0.0,0.0,0.0,0.0,0.0,0.0,0.0,0.0,0.0,0.0
12096000,6,900.0,900.0,900.0,900.0,900.0,900.0,0.0,0.0,0.0,0.0,0.0,0.0,0.0,0.0,0.0,0.0
12200000,6,900.0,900.0,900.0,900.0,900.0,900.0,0.0,0.0,0.0,0.0,0.0,0.0,0.0,0.0,0.0,0.0
12300000,6,900.0,900.0,900.0,900.0,900.0,900.0,0.0,0.0,0.0,0.0,0.0,0.0,0.0,0.0,0.0,0.0
12400000,6,900.0,900.0,900.0,900.0,900.0,900.0,0.0,0.0,0.0,0.0,0.0,0.0,0.0,0.0,0.0,0.0
12500000,6,900.0,900.0,900.0,900.0,900.0,900.0,0.0,0.0,0.0,0.0,0.0,0.0,0.0,0.0,0.0,0.0
12600000,6,900.0,900.0,900.0,900.0,900.0,900.0,0.0,0.0,0.0,0.0,0.0,0.0,0.0,0.0,0.0,0.0
12700000,6,900.0,900.0,900.0,900.0,900.0,900.0,0.0,0.0,0.0,0.0,0.0,0.0,0.0,0.0,0.0,0.0
12800000,6,900.0,900.0,900.0,900.0,900.0,900.0,0.0,0.0,0.0,0.0,0.0,0.0,0.0,0.0,0.0,0.0
12896000,6,900.0,900.0,900.0,900.0,900.0,900.0,0.0,0.0,0.0,0.0,0.0,0.0,0.0,0.0,0.0,0.0
13000000,6,900.0,900.0,900.0,900.0,900.0,900.0,0.0,0.0,0.0,0.0,0.0,0.0,0.0,0.0,0.0,0.0
13100000,6,900.0,900.0,900.0,900.0,900.0,900.0,0.0,0.0,0.0,0.0,0.0,0.0,0.0,0.0,0.0,0.0
13200000,6,900.0,900.0,900.0,900.0,900.0,900.0,0.0,0.0,0.0,0.0,0.0,0.0,0.0,0.0,0.0,0.0
13300000,6,900.0,900.0,900.0,900.0,900.0,900.0,0.0,0.0,0.0,0.0,0.0,0.0,0.0,0.0,0.0,0.0
13400000,6,900.0,900.0,900.0,900.0,900.0,900.0,0.0,0.0,0.0,0.0,0.0,0.0,0.0,0.0,0.0,0.0
13500000,6,900.0,900.0,900.0,900.0,900.0,900.0,0.0,0.0,0.0,0.0,0.0,0.0,0.0,0.0,0.0,0.0
13600000,6,900.0,900.0,900.0,900.0,900.0,900.0,0.0,0.0,0.0,0.0,0.0,0.0,0.0,0.0,0.0,0.0
13700000,6,900.0,900.0,900.0,900.0,900.0,900.0,0.0,0.0,0.0,0.0,0.0,0.0,0.0,0.0,0.0,0.0
13800000,6,900.0,900.0,900.0,900.0,900.0,900.0,0.0,0.0,0.0,0.0,0.0,0.0,0.0,0.0,0.0,0.0
13900000,6,900.0,900.0,900.0,900.0,900.0,900.0,0.0,0.0,0.0,0.0,0.0,0.0,0.0,0.0,0.0,0.0
14000000,6,900.0,900.0,900.0,900.0,900.0,900.0,0.0,0.0,0.0,0.0,0.0,0.0,0.0,0.0,0.0,0.0
14100000,6,900.0,900.0,900.0,900.0,900.0,900.0,0.0,0.0,0.0,0.0,0.0,0.0,0.0,0.0,0.0,0.0
14200000,6,900.0,900.0,900.0,900.0,900.0,900.0,0.0,0.0,0.0,0.0,0.0,0.0,0.0,0.0,0.0,0.0
14300000,6,900.0,900.0,900.0,900.0,900.0,900.0,0.0,0.0,0.0,0.0,0.0,0.0,0.0,0.0,0.0,0.0
14400000,6,900.0,900.0,900.0,900.0,900.0,900.0,0.0,0.0,0.0,0.0,0.0,0.0,0.0,0.0,0.0,0.0
14500000,6,900.0,900.0,900.0,900.0,900.0,900.0,0.0,0.0,0.0,0.0,0.0,0.0,0.0,0.0,0.0,0.0
14600000,6,900.0,900.0,900.0,900.0,900.0,900.0,0.0,0.0,0.0,0.0,0.0,0.0,0.0,0.0,0.0,0.0
14700000,6,1002.0,1000.0,1002.0,1000.0,1500.0,1500.0,0.0,0.0,0.0,0.0,0.0,0.0,0.0,0.0,0.0,0.0
14800000,6,1002.0,1000.0,1002.0,1000.0,1500.0,1500.0,0.0,0.0,0.0,0.0,0.0,0.0,0.0,0.0,0.0,0.0
14900000,6,1002.0,1000.0,1002.0,1000.0,1500.0,1500.0,0.0,0.0,0.0,0.0,0.0,0.0,0.0,0.0,0.0,0.0
15000000,6,1002.0,1000.0,1002.0,1000.0,1500.0,1500.0,0.0,0.0,0.0,0.0,0.0,0.0,0.0,0.0,0.0,0.0
15100000,6,1002.0,1000.0,1002.0,1000.0,1500.0,1500.0,0.0,0.0,0.0,0.0,0.0,0.0,0.0,0.0,0.0,0.0
15200000,6,1002.0,1000.0,1002.0,1000.0,1500.0,1500.0,0.0,0.0,0.0,0.0,0.0,0.0,0.0,0.0,0.0,0.0
15300000,6,1002.0,1000.0,1002.0,1000.0,1500.0,1500.0,0.0,0.0,0.0,0.0,0.0,0.0,0.0,0.0,0.0,0.0
15400000,6,1002.0,1000.0,1002.0,1000.0,1500.0,1500.0,0.0,0.0,0.0,0.0,0.0,0.0,0.0,0.0,0.0,0.0
15500000,6,1002.0,1000.0,1002.0,1000.0,1500.0,1500.0,0.0,0.0,0.0,0.0,0.0,0.0,0.0,0.0,0.0,0.0
15600000,6,1002.0,1000.0,1002.0,1000.0,1500.0,1500.0,0.0,0.0,0.0,0.0,0.0,0.0,0.0,0.0,0.0,0.0
15700000,6,1032.0,1014.0,1041.0,1034.0,1500.0,1500.0,0.0,0.0,0.0,0.0,0.0,0.0,0.0,0.0,0.0,0.0
15800000,6,1047.0,1030.0,1056.0,1049.0,1500.0,1500.0,0.0,0.0,0.0,0.0,0.0,0.0,0.0,0.0,0.0,0.0
15900000,6,1062.0,1051.0,1068.0,1067.0,1500.0,1500.0,0.0,0.0,0.0,0.0,0.0,0.0,0.0,0.0,0.0,0.0
16000000,6,1079.0,1069.0,1092.0,1082.0,1500.0,1500.0,0.0,0.0,0.0,0.0,0.0,0.0,0.0,0.0,0.0,0.0
16100000,6,1099.0,1091.0,1115.0,1103.0,1500.0,1500.0,0.0,0.0,0.0,0.0,0.0,0.0,0.0,0.0,0.0,0.0
16200000,6,1121.0,1114.0,1136.0,1128.0,1500.0,1500.0,0.0,0.0,0.0,0.0,0.0,0.0,0.0,0.0,0.0,0.0
16300000,6,1143.0,1140.0,1162.0,1150.0,1500.0,1500.0,0.0,0.0,0.0,0.0,0.0,0.0,0.0,0.0,0.0,0.0
16400000,6,1170.0,1167.0,1188.0,1174.0,1500.0,1500.0,0.0,0.0,0.0,0.0,0.0,0.0,0.0,0.0,0.0,0.0
16500000,6,1197.0,1194.0,1220.0,1202.0,1500.0,1500.0,0.0,0.0,0.0,0.0,0.0,0.0,0.0,0.0,0.0,0.0
16600000,6,1224.0,1225.0,1252.0,1231.0,1500.0,1500.0,0.0,0.0,0.0,0.0,0.0,0.0,0.0,0.0,0.0,0.0
16700000,6,1255.0,1258.0,1287.0,1257.0,1500.0,1500.0,0.0,0.0,0.0,0.0,0.0,0.0,0.0,0.0,0.0,0.0
16800000,6,1290.0,1290.0,1322.0,1288.0,1500.0,1500.0,0.0,0.0,0.0,0.0,0.0,0.0,0.0,0.0,0.0,0.0
16900000,6,1322.0,1324.0,1363.0,1322.0,1500.0,1500.0,0.0,0.0,0.0,0.0,0.0,0.0,0.0,0.0,0.0,0.0
17000000,6,1357.0,1365.0,1402.0,1359.0,1500.0,1500.0,0.0,0.0,0.0,0.0,0.0,0.0,0.0,0.0,0.0,0.0
17100000,6,1371.0,1377.0,1418.0,1368.0,1500.0,1500.0,0.0,0.0,0.0,0.0,0.0,0.0,0.0,0.0,0.0,0.0
17200000,6,1370.0,1381.0,1423.0,1367.0,1500.0,1500.0,0.0,0.0,0.0,0.0,0.0,0.0,0.0,0.0,0.0,0.0
17300000,6,1368.0,1382.0,1427.0,1373.0,1500.0,1500.0,0.0,0.0,0.0,0.0,0.0,0.0,0.0,0.0,0.0,0.0
17400000,6,1371.0,1384.0,1436.0,1371.0,1500.0,1500.0,0.0,0.0,0.0,0.0,0.0,0.0,0.0,0.0,0.0,0.0
17500000,6,1372.0,1385.0,1433.0,1373.0,1500.0,1500.0,0.0,0.0,0.0,0.0,0.0,0.0,0.0,0.0,0.0,0.0
17600000,6,1373.0,1388.0,1437.0,1372.0,1500.0,1500.0,0.0,0.0,0.0,0.0,0.0,0.0,0.0,0.0,0.0,0.0
17700000,6,1373.0,1392.0,1441.0,1374.0,1500.0,1500.0,0.0,0.0,0.0,0.0,0.0,0.0,0.0,0.0,0.0,0.0
17800000,6,1377.0,1393.0,1448.0,1376.0,1500.0,1500.0,0.0,0.0,0.0,0.0,0.0,0.0,0.0,0.0,0.0,0.0
17900000,6,1375.0,1396.0,1451.0,1376.0,1500.0,1500.0,0.0,0.0,0.0,0.0,0.0,0.0,0.0,0.0,0.0,0.0
18000000,6,1377.0,1397.0,1455.0,1378.0,1500.0,1500.0,0.0,0.0,0.0,0.0,0.0,0.0,0.0,0.0,0.0,0.0
18100000,6,1379.0,1400.0,1462.0,1377.0,1500.0,1500.0,0.0,0.0,0.0,0.0,0.0,0.0,0.0,0.0,0.0,0.0
18200000,6,1380.0,1406.0,1466.0,1380.0,1500.0,1500.0,0.0,0.0,0.0,0.0,0.0,0.0,0.0,0.0,0.0,0.0
18300000,6,1383.0,1405.0,1468.0,1380.0,1500.0,1500.0,0.0,0.0,0.0,0.0,0.0,0.0,0.0,0.0,0.0,0.0
18400000,6,1381.0,1410.0,1473.0,1379.0,1500.0,1500.0,0.0,0.0,0.0,0.0,0.0,0.0,0.0,0.0,0.0,0.0
18500000,6,1383.0,1415.0,1477.0,1381.0,1500.0,1500.0,0.0,0.0,0.0,0.0,0.0,0.0,0.0,0.0,0.0,0.0
18596000,6,1383.0,1418.0,1483.0,1380.0,1500.0,1500.0,0.0,0.0,0.0,0.0,0.0,0.0,0.0,0.0,0.0,0.0
18700000,6,1384.0,1417.0,1484.0,1385.0,1500.0,1500.0,0.0,0.0,0.0,0.0,0.0,0.0,0.0,0.0,0.0,0.0
18800000,6,1807.0,1845.0,1913.0,1809.0,1500.0,1500.0,0.0,0.0,0.0,0.0,0.0,0.0,0.0,0.0,0.0,0.0
18900000,6,1829.0,1869.0,1936.0,1831.0,1500.0,1500.0,0.0,0.0,0.0,0.0,0.0,0.0,0.0,0.0,0.0,0.0
19000000,6,1858.0,1884.0,1952.0,1861.0,1500.0,1500.0,0.0,0.0,0.0,0.0,0.0,0.0,0.0,0.0,0.0,0.0
19100000,6,1889.0,1894.0,1964.0,1894.0,1500.0,1500.0,0.0,0.0,0.0,0.0,0.0,0.0,0.0,0.0,0.0,0.0
19200000,6,1924.0,1902.0,1975.0,1928.0,1500.0,1500.0,0.0,0.0,0.0,0.0,0.0,0.0,0.0,0.0,0.0,0.0
19300000,6,1958.0,1914.0,1987.0,1962.0,1500.0,1500.0,0.0,0.0,0.0,0.0,0.0,0.0,0.0,0.0,0.0,0.0
19400000,6,1974.0,1925.0,1995.0,2000.0,1500.0,1500.0,0.0,0.0,0.0,0.0,0.0,0.0,0.0,0.0,0.0,0.0
19500000,6,1978.0,1944.0,1992.0,2000.0,1500.0,1500.0,0.0,0.0,0.0,0.0,0.0,0.0,0.0,0.0,0.0,0.0
19600000,6,1980.0,1981.0,2000.0,1999.0,1500.0,1500.0,0.0,0.0,0.0,0.0,0.0,0.0,0.0,0.0,0.0,0.0
19700000,6,1992.0,1999.0,1998.0,1993.0,1500.0,1500.0,0.0,0.0,0.0,0.0,0.0,0.0,0.0,0.0,0.0,0.0
19800000,6,1999.0,1999.0,1998.0,1991.0,1500.0,1500.0,0.0,0.0,0.0,0.0,0.0,0.0,0.0,0.0,0.0,0.0
19900000,6,2000.0,1993.0,1996.0,1986.0,1500.0,1500.0,0.0,0.0,0.0,0.0,0.0,0.0,0.0,0.0,0.0,0.0
20000000,6,2000.0,1992.0,1994.0,1988.0,1500.0,1500.0,0.0,0.0,0.0,0.0,0.0,0.0,0.0,0.0,0.0,0.0
20100000,6,1999.0,1996.0,1998.0,1991.0,1500.0,1500.0,0.0,0.0,0.0,0.0,0.0,0.0,0.0,0.0,0.0,0.0
20200000,6,1999.0,1995.0,1999.0,1992.0,1500.0,1500.0,0.0,0.0,0.0,0.0,0.0,0.0,0.0,0.0,0.0,0.0
20300000,6,1997.0,1992.0,1998.0,1984.0,1500.0,1500.0,0.0,0.0,0.0,0.0,0.0,0.0,0.0,0.0,0.0,0.0
20400000,6,1996.0,1996.0,1998.0,1987.0,1500.0,1500.0,0.0,0.0,0.0,0.0,0.0,0.0,0.0,0.0,0.0,0.0
20500000,6,1994.0,1993.0,2000.0,1991.0,1500.0,1500.0,0.0,0.0,0.0,0.0,0.0,0.0,0.0,0.0,0.0,0.0
20600000,6,1999.0,1996.0,2000.0,1996.0,1500.0,1500.0,0.0,0.0,0.0,0.0,0.0,0.0,0.0,0.0,0.0,0.0
20696000,6,1997.0,1992.0,2000.0,1990.0,1500.0,1500.0,0.0,0.0,0.0,0.0,0.0,0.0,0.0,0.0,0.0,0.0
20800000,6,1997.0,1996.0,1999.0,1992.0,1500.0,1500.0,0.0,0.0,0.0,0.0,0.0,0.0,0.0,0.0,0.0,0.0
20900000,6,1995.0,1989.0,1999.0,1983.0,1500.0,1500.0,0.0,0.0,0.0,0.0,0.0,0.0,0.0,0.0,0.0,0.0
21000000,6,1996.0,1994.0,1999.0,1990.0,1500.0,1500.0,0.0,0.0,0.0,0.0,0.0,0.0,0.0,0.0,0.0,0.0
21100000,6,1997.0,1993.0,1999.0,1989.0,1500.0,1500.0,0.0,0.0,0.0,0.0,0.0,0.0,0.0,0.0,0.0,0.0
21200000,6,1997.0,1995.0,1999.0,1991.0,1500.0,1500.0,0.0,0.0,0.0,0.0,0.0,0.0,0.0,0.0,0.0,0.0
21300000,6,1996.0,1996.0,1999.0,1990.0,1500.0,1500.0,0.0,0.0,0.0,0.0,0.0,0.0,0.0,0.0,0.0,0.0
21400000,6,1994.0,1990.0,2000.0,1989.0,1500.0,1500.0,0.0,0.0,0.0,0.0,0.0,0.0,0.0,0.0,0.0,0.0
21500000,6,1995.0,1990.0,2000.0,1990.0,1500.0,1500.0,0.0,0.0,0.0,0.0,0.0,0.0,0.0,0.0,0.0,0.0
21600000,6,1996.0,1994.0,2000.0,1991.0,1500.0,1500.0,0.0,0.0,0.0,0.0,0.0,0.0,0.0,0.0,0.0,0.0
21700000,6,1993.0,1990.0,2000.0,1987.0,1500.0,1500.0,0.0,0.0,0.0,0.0,0.0,0.0,0.0,0.0,0.0,0.0
21800000,6,1998.0,1989.0,2000.0,1988.0,1500.0,1500.0,0.0,0.0,0.0,0.0,0.0,0.0,0.0,0.0,0.0,0.0
21900000,6,1998.0,1993.0,1999.0,1988.0,1500.0,1500.0,0.0,0.0,0.0,0.0,0.0,0.0,0.0,0.0,0.0,0.0
22000000,6,1995.0,1992.0,1999.0,1987.0,1500.0,1500.0,0.0,0.0,0.0,0.0,0.0,0.0,0.0,0.0,0.0,0.0
22100000,6,1996.0,1989.0,1999.0,1984.0,1500.0,1500.0,0.0,0.0,0.0,0.0,0.0,0.0,0.0,0.0,0.0,0.0
22200000,6,1994.0,1990.0,2000.0,1986.0,1500.0,1500.0,0.0,0.0,0.0,0.0,0.0,0.0,0.0,0.0,0.0,0.0
22300000,6,1997.0,1991.0,2000.0,1989.0,1500.0,1500.0,0.0,0.0,0.0,0.0,0.0,0.0,0.0,0.0,0.0,0.0
22396000,6,2000.0,1991.0,1999.0,1991.0,1500.0,1500.0,0.0,0.0,0.0,0.0,0.0,0.0,0.0,0.0,0.0,0.0
22500000,6,1994.0,1993.0,1999.0,1986.0,1500.0,1500.0,0.0,0.0,0.0,0.0,0.0,0.0,0.0,0.0,0.0,0.0
22600000,6,1998.0,1994.0,2000.0,1993.0,1500.0,1500.0,0.0,0.0,0.0,0.0,0.0,0.0,0.0,0.0,0.0,0.0
22700000,6,1996.0,1989.0,1999.0,1984.0,1500.0,1500.0,0.0,0.0,0.0,0.0,0.0,0.0,0.0,0.0,0.0,0.0
22800000,6,1995.0,1989.0,2000.0,1987.0,1500.0,1500.0,0.0,0.0,0.0,0.0,0.0,0.0,0.0,0.0,0.0,0.0
22900000,6,1996.0,1991.0,2000.0,1989.0,1500.0,1500.0,0.0,0.0,0.0,0.0,0.0,0.0,0.0,0.0,0.0,0.0
23000000,6,1997.0,1992.0,1999.0,1989.0,1500.0,1500.0,0.0,0.0,0.0,0.0,0.0,0.0,0.0,0.0,0.0,0.0
23100000,6,1993.0,1988.0,2000.0,1984.0,1500.0,1500.0,0.0,0.0,0.0,0.0,0.0,0.0,0.0,0.0,0.0,0.0
23200000,6,1997.0,1993.0,1999.0,1989.0,1500.0,1500.0,0.0,0.0,0.0,0.0,0.0,0.0,0.0,0.0,0.0,0.0
23300000,6,1996.0,1991.0,2000.0,1991.0,1500.0,1500.0,0.0,0.0,0.0,0.0,0.0,0.0,0.0,0.0,0.0,0.0
23400000,6,1997.0,1993.0,2000.0,1992.0,1500.0,1500.0,0.0,0.0,0.0,0.0,0.0,0.0,0.0,0.0,0.0,0.0
23500000,6,1996.0,1992.0,1999.0,1987.0,1500.0,1500.0,0.0,0.0,0.0,0.0,0.0,0.0,0.0,0.0,0.0,0.0
23600000,6,1997.0,1991.0,1999.0,1987.0,1500.0,1500.0,0.0,0.0,0.0,0.0,0.0,0.0,0.0,0.0,0.0,0.0
23700000,6,1996.0,1991.0,2000.0,1988.0,1500.0,1500.0,0.0,0.0,0.0,0.0,0.0,0.0,0.0,0.0,0.0,0.0
23800000,6,1995.0,1992.0,1999.0,1987.0,1500.0,1500.0,0.0,0.0,0.0,0.0,0.0,0.0,0.0,0.0,0.0,0.0
23900000,6,1994.0,1991.0,2000.0,1988.0,1500.0,1500.0,0.0,0.0,0.0,0.0,0.0,0.0,0.0,0.0,0.0,0.0
24000000,6,1995.0,1990.0,2000.0,1988.0,1500.0,1500.0,0.0,0.0,0.0,0.0,0.0,0.0,0.0,0.0,0.0,0.0
24100000,6,1994.0,1992.0,2000.0,1986.0,1500.0,1500.0,0.0,0.0,0.0,0.0,0.0,0.0,0.0,0.0,0.0,0.0
24200000,6,1996.0,1991.0,2000.0,1989.0,1500.0,1500.0,0.0,0.0,0.0,0.0,0.0,0.0,0.0,0.0,0.0,0.0
24300000,6,1995.0,1991.0,1999.0,1986.0,1500.0,1500.0,0.0,0.0,0.0,0.0,0.0,0.0,0.0,0.0,0.0,0.0
24400000,6,1995.0,1993.0,2000.0,1991.0,1500.0,1500.0,0.0,0.0,0.0,0.0,0.0,0.0,0.0,0.0,0.0,0.0
24500000,6,1998.0,1992.0,2000.0,1992.0,1500.0,1500.0,0.0,0.0,0.0,0.0,0.0,0.0,0.0,0.0,0.0,0.0
24600000,6,1996.0,1992.0,2000.0,1988.0,1500.0,1500.0,0.0,0.0,0.0,0.0,0.0,0.0,0.0,0.0,0.0,0.0
24700000,6,1993.0,1991.0,2000.0,1989.0,1500.0,1500.0,0.0,0.0,0.0,0.0,0.0,0.0,0.0,0.0,0.0,0.0
24796000,6,1997.0,1994.0,2000.0,1991.0,1500.0,1500.0,0.0,0.0,0.0,0.0,0.0,0.0,0.0,0.0,0.0,0.0
24900000,6,1996.0,1990.0,2000.0,1988.0,1500.0,1500.0,0.0,0.0,0.0,0.0,0.0,0.0,0.0,0.0,0.0,0.0
25000000,6,1997.0,1992.0,1999.0,1990.0,1500.0,1500.0,0.0,0.0,0.0,0.0,0.0,0.0,0.0,0.0,0.0,0.0
25100000,6,1998.0,1992.0,2000.0,1990.0,1500.0,1500.0,0.0,0.0,0.0,0.0,0.0,0.0,0.0,0.0,0.0,0.0
25196000,6,1993.0,1988.0,2000.0,1986.0,1500.0,1500.0,0.0,0.0,0.0,0.0,0.0,0.0,0.0,0.0,0.0,0.0
25300000,6,1995.0,1987.0,2000.0,1987.0,1500.0,1500.0,0.0,0.0,0.0,0.0,0.0,0.0,0.0,0.0,0.0,0.0
25400000,6,1996.0,1992.0,2000.0,1990.0,1500.0,1500.0,0.0,0.0,0.0,0.0,0.0,0.0,0.0,0.0,0.0,0.0
25500000,6,1995.0,1994.0,1999.0,1988.0,1500.0,1500.0,0.0,0.0,0.0,0.0,0.0,0.0,0.0,0.0,0.0,0.0
25600000,6,1998.0,1992.0,1999.0,1991.0,1500.0,1500.0,0.0,0.0,0.0,0.0,0.0,0.0,0.0,0.0,0.0,0.0
25700000,6,1994.0,1992.0,1999.0,1986.0,1500.0,1500.0,0.0,0.0,0.0,0.0,0.0,0.0,0.0,0.0,0.0,0.0
25796000,6,1996.0,1988.0,2000.0,1986.0,1500.0,1500.0,0.0,0.0,0.0,0.0,0.0,0.0,0.0,0.0,0.0,0.0
25900000,6,1995.0,1992.0,1999.0,1987.0,1500.0,1500.0,0.0,0.0,0.0,0.0,0.0,0.0,0.0,0.0,0.0,0.0
26000000,6,1997.0,1991.0,1999.0,1986.0,1500.0,1500.0,0.0,0.0,0.0,0.0,0.0,0.0,0.0,0.0,0.0,0.0
26100000,6,1999.0,1993.0,1999.0,1990.0,1500.0,1500.0,0.0,0.0,0.0,0.0,0.0,0.0,0.0,0.0,0.0,0.0
26200000,6,1998.0,1993.0,1999.0,1991.0,1500.0,1500.0,0.0,0.0,0.0,0.0,0.0,0.0,0.0,0.0,0.0,0.0
26300000,6,1995.0,1986.0,2000.0,1983.0,1500.0,1500.0,0.0,0.0,0.0,0.0,0.0,0.0,0.0,0.0,0.0,0.0
26400000,6,1998.0,1990.0,2000.0,1990.0,1500.0,1500.0,0.0,0.0,0.0,0.0,0.0,0.0,0.0,0.0,0.0,0.0
26500000,6,1995.0,1989.0,1999.0,1984.0,1500.0,1500.0,0.0,0.0,0.0,0.0,0.0,0.0,0.0,0.0,0.0,0.0
26600000,6,1997.0,1989.0,1987.0,2000.0,1500.0,1500.0,0.0,0.0,0.0,0.0,0.0,0.0,0.0,0.0,0.0,0.0
26700000,6,1997.0,1994.0,1999.0,1989.0,1500.0,1500.0,0.0,0.0,0.0,0.0,0.0,0.0,0.0,0.0,0.0,0.0
26800000,6,1996.0,1994.0,1999.0,1988.0,1500.0,1500.0,0.0,0.0,0.0,0.0,0.0,0.0,0.0,0.0,0.0,0.0
26900000,6,1996.0,1984.0,2000.0,1984.0,1500.0,1500.0,0.0,0.0,0.0,0.0,0.0,0.0,0.0,0.0,0.0,0.0
27000000,6,1998.0,1994.0,1999.0,1990.0,1500.0,1500.0,0.0,0.0,0.0,0.0,0.0,0.0,0.0,0.0,0.0,0.0
27100000,6,1996.0,1990.0,1999.0,1984.0,1500.0,1500.0,0.0,0.0,0.0,0.0,0.0,0.0,0.0,0.0,0.0,0.0
27200000,6,1998.0,1990.0,1999.0,1987.0,1500.0,1500.0,0.0,0.0,0.0,0.0,0.0,0.0,0.0,0.0,0.0,0.0
27300000,6,1998.0,1994.0,1999.0,1991.0,1500.0,1500.0,0.0,0.0,0.0,0.0,0.0,0.0,0.0,0.0,0.0,0.0
27400000,6,1997.0,1991.0,2000.0,1989.0,1500.0,1500.0,0.0,0.0,0.0,0.0,0.0,0.0,0.0,0.0,0.0,0.0
27500000,6,1997.0,1994.0,2000.0,1995.0,1500.0,1500.0,0.0,0.0,0.0,0.0,0.0,0.0,0.0,0.0,0.0,0.0
27600000,6,1997.0,1989.0,1999.0,1985.0,1500.0,1500.0,0.0,0.0,0.0,0.0,0.0,0.0,0.0,0.0,0.0,0.0
27700000,6,1998.0,1990.0,2000.0,1990.0,1500.0,1500.0,0.0,0.0,0.0,0.0,0.0,0.0,0.0,0.0,0.0,0.0
27800000,6,1998.0,1989.0,2000.0,1988.0,1500.0,1500.0,0.0,0.0,0.0,0.0,0.0,0.0,0.0,0.0,0.0,0.0
27900000,6,1999.0,1991.0,1999.0,1990.0,1500.0,1500.0,0.0,0.0,0.0,0.0,0.0,0.0,0.0,0.0,0.0,0.0
28000000,6,1998.0,1989.0,2000.0,1990.0,1500.0,1500.0,0.0,0.0,0.0,0.0,0.0,0.0,0.0,0.0,0.0,0.0
28100000,6,1997.0,1990.0,2000.0,1992.0,1500.0,1500.0,0.0,0.0,0.0,0.0,0.0,0.0,0.0,0.0,0.0,0.0
28200000,6,1996.0,1990.0,2000.0,1987.0,1500.0,1500.0,0.0,0.0,0.0,0.0,0.0,0.0,0.0,0.0,0.0,0.0
28300000,6,1999.0,1989.0,1999.0,1986.0,1500.0,1500.0,0.0,0.0,0.0,0.0,0.0,0.0,0.0,0.0,0.0,0.0
28400000,6,1997.0,1988.0,2000.0,1986.0,1500.0,1500.0,0.0,0.0,0.0,0.0,0.0,0.0,0.0,0.0,0.0,0.0
28496000,6,1997.0,1991.0,2000.0,1989.0,1500.0,1500.0,0.0,0.0,0.0,0.0,0.0,0.0,0.0,0.0,0.0,0.0
28600000,6,1996.0,1991.0,1999.0,1985.0,1500.0,1500.0,0.0,0.0,0.0,0.0,0.0,0.0,0.0,0.0,0.0,0.0
28700000,6,1997.0,1992.0,2000.0,1994.0,1500.0,1500.0,0.0,0.0,0.0,0.0,0.0,0.0,0.0,0.0,0.0,0.0
28800000,6,1997.0,1992.0,2000.0,1991.0,1500.0,1500.0,0.0,0.0,0.0,0.0,0.0,0.0,0.0,0.0,0.0,0.0
28900000,6,1996.0,1998.0,1993.0,1999.0,1500.0,1500.0,0.0,0.0,0.0,0.0,0.0,0.0,0.0,0.0,0.0,0.0
29000000,6,1996.0,1988.0,2000.0,1986.0,1500.0,1500.0,0.0,0.0,0.0,0.0,0.0,0.0,0.0,0.0,0.0,0.0
29100000,6,1999.0,1995.0,1999.0,1991.0,1500.0,1500.0,0.0,0.0,0.0,0.0,0.0,0.0,0.0,0.0,0.0,0.0
29200000,6,1998.0,1989.0,1999.0,1986.0,1500.0,1500.0,0.0,0.0,0.0,0.0,0.0,0.0,0.0,0.0,0.0,0.0
29300000,6,2000.0,1996.0,1998.0,1993.0,1500.0,1500.0,0.0,0.0,0.0,0.0,0.0,0.0,0.0,0.0,0.0,0.0
29400000,6,2000.0,1992.0,1996.0,1991.0,1500.0,1500.0,0.0,0.0,0.0,0.0,0.0,0.0,0.0,0.0,0.0,0.0
29496000,6,1998.0,1988.0,2000.0,1987.0,1500.0,1500.0,0.0,0.0,0.0,0.0,0.0,0.0,0.0,0.0,0.0,0.0
29600000,6,1999.0,1990.0,2000.0,1992.0,1500.0,1500.0,0.0,0.0,0.0,0.0,0.0,0.0,0.0,0.0,0.0,0.0
29700000,6,1996.0,1988.0,2000.0,1984.0,1500.0,1500.0,0.0,0.0,0.0,0.0,0.0,0.0,0.0,0.0,0.0,0.0
29800000,6,1995.0,1990.0,1999.0,1986.0,1500.0,1500.0,0.0,0.0,0.0,0.0,0.0,0.0,0.0,0.0,0.0,0.0
29900000,6,1998.0,1992.0,2000.0,1991.0,1500.0,1500.0,0.0,0.0,0.0,0.0,0.0,0.0,0.0,0.0,0.0,0.0
30000000,6,1999.0,1998.0,1997.0,1999.0,1500.0,1500.0,0.0,0.0,0.0,0.0,0.0,0.0,0.0,0.0,0.0,0.0
30100000,6,1998.0,1990.0,1999.0,1987.0,1500.0,1500.0,0.0,0.0,0.0,0.0,0.0,0.0,0.0,0.0,0.0,0.0
30196000,6,1999.0,1997.0,1997.0,2000.0,1500.0,1500.0,0.0,0.0,0.0,0.0,0.0,0.0,0.0,0.0,0.0,0.0
30300000,6,1999.0,1990.0,1999.0,1988.0,1500.0,1500.0,0.0,0.0,0.0,0.0,0.0,0.0,0.0,0.0,0.0,0.0
30400000,6,1999.0,1991.0,2000.0,1991.0,1500.0,1500.0,0.0,0.0,0.0,0.0,0.0,0.0,0.0,0.0,0.0,0.0
30500000,6,1998.0,1986.0,2000.0,1987.0,1500.0,1500.0,0.0,0.0,0.0,0.0,0.0,0.0,0.0,0.0,0.0,0.0
30600000,6,1998.0,1990.0,2000.0,1991.0,1500.0,1500.0,0.0,0.0,0.0,0.0,0.0,0.0,0.0,0.0,0.0,0.0
30700000,6,1997.0,1990.0,2000.0,1989.0,1500.0,1500.0,0.0,0.0,0.0,0.0,0.0,0.0,0.0,0.0,0.0,0.0
30800000,6,1995.0,1986.0,2000.0,1985.0,1500.0,1500.0,0.0,0.0,0.0,0.0,0.0,0.0,0.0,0.0,0.0,0.0
30900000,6,1999.0,1992.0,2000.0,1992.0,1500.0,1500.0,0.0,0.0,0.0,0.0,0.0,0.0,0.0,0.0,0.0,0.0
31000000,6,1994.0,1991.0,2000.0,1987.0,1500.0,1500.0,0.0,0.0,0.0,0.0,0.0,0.0,0.0,0.0,0.0,0.0
31100000,6,1996.0,1992.0,2000.0,1990.0,1500.0,1500.0,0.0,0.0,0.0,0.0,0.0,0.0,0.0,0.0,0.0,0.0
31200000,6,1985.0,1989.0,1975.0,2000.0,1500.0,1500.0,0.0,0.0,0.0,0.0,0.0,0.0,0.0,0.0,0.0,0.0
31300000,6,2000.0,1993.0,1998.0,1991.0,1500.0,1500.0,0.0,0.0,0.0,0.0,0.0,0.0,0.0,0.0,0.0,0.0
31400000,6,1984.0,1988.0,1970.0,1999.0,1500.0,1500.0,0.0,0.0,0.0,0.0,0.0,0.0,0.0,0.0,0.0,0.0
31500000,6,1998.0,1993.0,1999.0,1991.0,1500.0,1500.0,0.0,0.0,0.0,0.0,0.0,0.0,0.0,0.0,0.0,0.0
31600000,6,2000.0,1991.0,1996.0,1984.0,1500.0,1500.0,0.0,0.0,0.0,0.0,0.0,0.0,0.0,0.0,0.0,0.0
31700000,6,2000.0,1994.0,1999.0,1992.0,1500.0,1500.0,0.0,0.0,0.0,0.0,0.0,0.0,0.0,0.0,0.0,0.0
31800000,6,1997.0,1993.0,1999.0,1989.0,1500.0,1500.0,0.0,0.0,0.0,0.0,0.0,0.0,0.0,0.0,0.0,0.0
31900000,6,1995.0,1990.0,2000.0,1989.0,1500.0,1500.0,0.0,0.0,0.0,0.0,0.0,0.0,0.0,0.0,0.0,0.0
32000000,6,1997.0,1987.0,2000.0,1985.0,1500.0,1500.0,0.0,0.0,0.0,0.0,0.0,0.0,0.0,0.0,0.0,0.0
32100000,6,1999.0,1993.0,1999.0,1990.0,1500.0,1500.0,0.0,0.0,0.0,0.0,0.0,0.0,0.0,0.0,0.0,0.0
32200000,6,1995.0,1993.0,1999.0,1988.0,1500.0,1500.0,0.0,0.0,0.0,0.0,0.0,0.0,0.0,0.0,0.0,0.0
32300000,6,1994.0,1987.0,1999.0,1981.0,1500.0,1500.0,0.0,0.0,0.0,0.0,0.0,0.0,0.0,0.0,0.0,0.0
32400000,6,2000.0,1993.0,1999.0,1992.0,1500.0,1500.0,0.0,0.0,0.0,0.0,0.0,0.0,0.0,0.0,0.0,0.0
32500000,6,1998.0,1985.0,1999.0,1983.0,1500.0,1500.0,0.0,0.0,0.0,0.0,0.0,0.0,0.0,0.0,0.0,0.0
32600000,6,2000.0,1992.0,1999.0,1992.0,1500.0,1500.0,0.0,0.0,0.0,0.0,0.0,0.0,0.0,0.0,0.0,0.0
32700000,6,1996.0,1995.0,2000.0,1992.0,1500.0,1500.0,0.0,0.0,0.0,0.0,0.0,0.0,0.0,0.0,0.0,0.0
32800000,6,1997.0,1994.0,2000.0,1994.0,1500.0,1500.0,0.0,0.0,0.0,0.0,0.0,0.0,0.0,0.0,0.0,0.0
32900000,6,1996.0,1989.0,2000.0,1988.0,1500.0,1500.0,0.0,0.0,0.0,0.0,0.0,0.0,0.0,0.0,0.0,0.0
33000000,6,1998.0,1991.0,1999.0,1988.0,1500.0,1500.0,0.0,0.0,0.0,0.0,0.0,0.0,0.0,0.0,0.0,0.0
33100000,6,1997.0,1990.0,1999.0,1986.0,1500.0,1500.0,0.0,0.0,0.0,0.0,0.0,0.0,0.0,0.0,0.0,0.0
33200000,6,2000.0,1990.0,1997.0,1988.0,1500.0,1500.0,0.0,0.0,0.0,0.0,0.0,0.0,0.0,0.0,0.0,0.0
33300000,6,1997.0,1992.0,1999.0,1988.0,1500.0,1500.0,0.0,0.0,0.0,0.0,0.0,0.0,0.0,0.0,0.0,0.0
33400000,6,2000.0,1989.0,1998.0,1990.0,1500.0,1500.0,0.0,0.0,0.0,0.0,0.0,0.0,0.0,0.0,0.0,0.0
33500000,6,1998.0,1991.0,1999.0,1989.0,1500.0,1500.0,0.0,0.0,0.0,0.0,0.0,0.0,0.0,0.0,0.0,0.0
33600000,6,1999.0,1993.0,1999.0,1990.0,1500.0,1500.0,0.0,0.0,0.0,0.0,0.0,0.0,0.0,0.0,0.0,0.0
33700000,6,1999.0,1996.0,1999.0,1993.0,1500.0,1500.0,0.0,0.0,0.0,0.0,0.0,0.0,0.0,0.0,0.0,0.0
33800000,6,1998.0,1993.0,1990.0,1999.0,1500.0,1500.0,0.0,0.0,0.0,0.0,0.0,0.0,0.0,0.0,0.0,0.0
33900000,6,1999.0,1993.0,1999.0,1989.0,1500.0,1500.0,0.0,0.0,0.0,0.0,0.0,0.0,0.0,0.0,0.0,0.0
34000000,6,1998.0,1997.0,1999.0,1995.0,1500.0,1500.0,0.0,0.0,0.0,0.0,0.0,0.0,0.0,0.0,0.0,0.0
34100000,6,1996.0,1995.0,1999.0,1990.0,1500.0,1500.0,0.0,0.0,0.0,0.0,0.0,0.0,0.0,0.0,0.0,0.0
34200000,6,1999.0,1992.0,1999.0,1989.0,1500.0,1500.0,0.0,0.0,0.0,0.0,0.0,0.0,0.0,0.0,0.0,0.0
34300000,6,1997.0,1991.0,1999.0,1985.0,1500.0,1500.0,0.0,0.0,0.0,0.0,0.0,0.0,0.0,0.0,0.0,0.0
34400000,6,1999.0,1992.0,1999.0,1991.0,1500.0,1500.0,0.0,0.0,0.0,0.0,0.0,0.0,0.0,0.0,0.0,0.0
34496000,6,2000.0,1990.0,1999.0,1990.0,1500.0,1500.0,0.0,0.0,0.0,0.0,0.0,0.0,0.0,0.0,0.0,0.0
34600000,6,1991.0,1993.0,1986.0,2000.0,1500.0,1500.0,0.0,0.0,0.0,0.0,0.0,0.0,0.0,0.0,0.0,0.0
34700000,6,1997.0,1989.0,2000.0,1989.0,1500.0,1500.0,0.0,0.0,0.0,0.0,0.0,0.0,0.0,0.0,0.0,0.0
34800000,6,1996.0,1991.0,1999.0,1987.0,1500.0,1500.0,0.0,0.0,0.0,0.0,0.0,0.0,0.0,0.0,0.0,0.0
34900000,6,1997.0,1989.0,1999.0,1986.0,1500.0,1500.0,0.0,0.0,0.0,0.0,0.0,0.0,0.0,0.0,0.0,0.0
35000000,6,1998.0,1994.0,1999.0,1991.0,1500.0,1500.0,0.0,0.0,0.0,0.0,0.0,0.0,0.0,0.0,0.0,0.0
35100000,6,1997.0,1989.0,1999.0,1984.0,1500.0,1500.0,0.0,0.0,0.0,0.0,0.0,0.0,0.0,0.0,0.0,0.0
35200000,6,1997.0,1995.0,1999.0,1990.0,1500.0,1500.0,0.0,0.0,0.0,0.0,0.0,0.0,0.0,0.0,0.0,0.0
35300000,6,1997.0,1993.0,2000.0,1992.0,1500.0,1500.0,0.0,0.0,0.0,0.0,0.0,0.0,0.0,0.0,0.0,0.0
35400000,6,1999.0,1993.0,1999.0,1992.0,1500.0,1500.0,0.0,0.0,0.0,0.0,0.0,0.0,0.0,0.0,0.0,0.0
35500000,6,1997.0,1995.0,1999.0,1990.0,1500.0,1500.0,0.0,0.0,0.0,0.0,0.0,0.0,0.0,0.0,0.0,0.0
35600000,6,1997.0,1991.0,2000.0,1993.0,1500.0,1500.0,0.0,0.0,0.0,0.0,0.0,0.0,0.0,0.0,0.0,0.0
35700000,6,1999.0,1992.0,1998.0,1988.0,1500.0,1500.0,0.0,0.0,0.0,0.0,0.0,0.0,0.0,0.0,0.0,0.0
35800000,6,2000.0,1994.0,1999.0,1993.0,1500.0,1500.0,0.0,0.0,0.0,0.0,0.0,0.0,0.0,0.0,0.0,0.0
35900000,6,1996.0,1992.0,2000.0,1995.0,1500.0,1500.0,0.0,0.0,0.0,0.0,0.0,0.0,0.0,0.0,0.0,0.0
36000000,6,1995.0,1992.0,2000.0,1987.0,1500.0,1500.0,0.0,0.0,0.0,0.0,0.0,0.0,0.0,0.0,0.0,0.0
36096000,6,1996.0,1993.0,2000.0,1990.0,1500.0,1500.0,0.0,0.0,0.0,0.0,0.0,0.0,0.0,0.0,0.0,0.0
36200000,6,1997.0,1994.0,1999.0,1990.0,1500.0,1500.0,0.0,0.0,0.0,0.0,0.0,0.0,0.0,0.0,0.0,0.0
36300000,6,1997.0,1990.0,2000.0,1990.0,1500.0,1500.0,0.0,0.0,0.0,0.0,0.0,0.0,0.0,0.0,0.0,0.0
36400000,6,2000.0,1993.0,1999.0,1991.0,1500.0,1500.0,0.0,0.0,0.0,0.0,0.0,0.0,0.0,0.0,0.0,0.0
36500000,6,1997.0,1989.0,1999.0,1985.0,1500.0,1500.0,0.0,0.0,0.0,0.0,0.0,0.0,0.0,0.0,0.0,0.0
36600000,6,1995.0,1992.0,1999.0,1987.0,1500.0,1500.0,0.0,0.0,0.0,0.0,0.0,0.0,0.0,0.0,0.0,0.0
36700000,6,1998.0,1993.0,1999.0,1991.0,1500.0,1500.0,0.0,0.0,0.0,0.0,0.0,0.0,0.0,0.0,0.0,0.0
36800000,6,1996.0,1996.0,1999.0,1989.0,1500.0,1500.0,0.0,0.0,0.0,0.0,0.0,0.0,0.0,0.0,0.0,0.0
36900000,6,1998.0,1992.0,2000.0,1992.0,1500.0,1500.0,0.0,0.0,0.0,0.0,0.0,0.0,0.0,0.0,0.0,0.0
36996000,6,1997.0,1993.0,2000.0,1991.0,1500.0,1500.0,0.0,0.0,0.0,0.0,0.0,0.0,0.0,0.0,0.0,0.0
37100000,6,1999.0,1996.0,1999.0,1994.0,1500.0,1500.0,0.0,0.0,0.0,0.0,0.0,0.0,0.0,0.0,0.0,0.0
37200000,6,2000.0,1993.0,1999.0,1992.0,1500.0,1500.0,0.0,0.0,0.0,0.0,0.0,0.0,0.0,0.0,0.0,0.0
37300000,6,1998.0,1991.0,1999.0,1989.0,1500.0,1500.0,0.0,0.0,0.0,0.0,0.0,0.0,0.0,0.0,0.0,0.0
37400000,6,1998.0,1992.0,1999.0,1990.0,1500.0,1500.0,0.0,0.0,0.0,0.0,0.0,0.0,0.0,0.0,0.0,0.0
37500000,6,1996.0,1990.0,2000.0,1987.0,1500.0,1500.0,0.0,0.0,0.0,0.0,0.0,0.0,0.0,0.0,0.0,0.0
37600000,6,1991.0,1988.0,1979.0,1999.0,1500.0,1500.0,0.0,0.0,0.0,0.0,0.0,0.0,0.0,0.0,0.0,0.0
37700000,6,1999.0,1992.0,1999.0,1991.0,1500.0,1500.0,0.0,0.0,0.0,0.0,0.0,0.0,0.0,0.0,0.0,0.0
37800000,6,1998.0,1991.0,1999.0,1987.0,1500.0,1500.0,0.0,0.0,0.0,0.0,0.0,0.0,0.0,0.0,0.0,0.0
37900000,6,1995.0,1986.0,2000.0,1985.0,1500.0,1500.0,0.0,0.0,0.0,0.0,0.0,0.0,0.0,0.0,0.0,0.0
38000000,6,1986.0,1989.0,1974.0,1999.0,1500.0,1500.0,0.0,0.0,0.0,0.0,0.0,0.0,0.0,0.0,0.0,0.0
38100000,6,1988.0,1982.0,1971.0,1999.0,1500.0,1500.0,0.0,0.0,0.0,0.0,0.0,0.0,0.0,0.0,0.0,0.0
38200000,6,1998.0,1999.0,1999.0,1997.0,1500.0,1500.0,0.0,0.0,0.0,0.0,0.0,0.0,0.0,0.0,0.0,0.0
38300000,6,1999.0,1994.0,1999.0,1990.0,1500.0,1500.0,0.0,0.0,0.0,0.0,0.0,0.0,0.0,0.0,0.0,0.0
38400000,6,1996.0,1996.0,1991.0,1999.0,1500.0,1500.0,0.0,0.0,0.0,0.0,0.0,0.0,0.0,0.0,0.0,0.0
38500000,6,1999.0,1995.0,1999.0,1994.0,1500.0,1500.0,0.0,0.0,0.0,0.0,0.0,0.0,0.0,0.0,0.0,0.0
38600000,6,1997.0,1990.0,1999.0,1984.0,1500.0,1500.0,0.0,0.0,0.0,0.0,0.0,0.0,0.0,0.0,0.0,0.0
38700000,6,1995.0,1993.0,1999.0,1988.0,1500.0,1500.0,0.0,0.0,0.0,0.0,0.0,0.0,0.0,0.0,0.0,0.0
38800000,6,1996.0,1993.0,1999.0,1989.0,1500.0,1500.0,0.0,0.0,0.0,0.0,0.0,0.0,0.0,0.0,0.0,0.0
38900000,6,1994.0,1992.0,1985.0,1999.0,1500.0,1500.0,0.0,0.0,0.0,0.0,0.0,0.0,0.0,0.0,0.0,0.0
38996000,6,1989.0,1987.0,1979.0,2000.0,1500.0,1500.0,0.0,0.0,0.0,0.0,0.0,0.0,0.0,0.0,0.0,0.0
39100000,6,1998.0,1994.0,1999.0,1992.0,1500.0,1500.0,0.0,0.0,0.0,0.0,0.0,0.0,0.0,0.0,0.0,0.0
39200000,6,1998.0,1992.0,1999.0,1990.0,1500.0,1500.0,0.0,0.0,0.0,0.0,0.0,0.0,0.0,0.0,0.0,0.0
39300000,6,1998.0,1994.0,1999.0,1991.0,1500.0,1500.0,0.0,0.0,0.0,0.0,0.0,0.0,0.0,0.0,0.0,0.0
39400000,6,2000.0,1993.0,1999.0,1992.0,1500.0,1500.0,0.0,0.0,0.0,0.0,0.0,0.0,0.0,0.0,0.0,0.0
39500000,6,1999.0,1994.0,1999.0,1993.0,1500.0,1500.0,0.0,0.0,0.0,0.0,0.0,0.0,0.0,0.0,0.0,0.0
39600000,6,1998.0,1991.0,1999.0,1986.0,1500.0,1500.0,0.0,0.0,0.0,0.0,0.0,0.0,0.0,0.0,0.0,0.0
39700000,6,1994.0,1989.0,2000.0,1987.0,1500.0,1500.0,0.0,0.0,0.0,0.0,0.0,0.0,0.0,0.0,0.0,0.0
39800000,6,1997.0,1992.0,2000.0,1990.0,1500.0,1500.0,0.0,0.0,0.0,0.0,0.0,0.0,0.0,0.0,0.0,0.0
39900000,6,1994.0,1988.0,1984.0,2000.0,1500.0,1500.0,0.0,0.0,0.0,0.0,0.0,0.0,0.0,0.0,0.0,0.0
40000000,6,1996.0,1992.0,1999.0,1988.0,1500.0,1500.0,0.0,0.0,0.0,0.0,0.0,0.0,0.0,0.0,0.0,0.0
40100000,6,1995.0,1989.0,2000.0,1986.0,1500.0,1500.0,0.0,0.0,0.0,0.0,0.0,0.0,0.0,0.0,0.0,0.0
40200000,6,1999.0,1995.0,1998.0,1989.0,1500.0,1500.0,0.0,0.0,0.0,0.0,0.0,0.0,0.0,0.0,0.0,0.0
40300000,6,1994.0,1989.0,2000.0,1990.0,1500.0,1500.0,0.0,0.0,0.0,0.0,0.0,0.0,0.0,0.0,0.0,0.0
40400000,6,1999.0,1993.0,1999.0,1994.0,1500.0,1500.0,0.0,0.0,0.0,0.0,0.0,0.0,0.0,0.0,0.0,0.0
40500000,6,1999.0,1989.0,1999.0,1991.0,1500.0,1500.0,0.0,0.0,0.0,0.0,0.0,0.0,0.0,0.0,0.0,0.0
40600000,6,1998.0,1994.0,2000.0,1993.0,1500.0,1500.0,0.0,0.0,0.0,0.0,0.0,0.0,0.0,0.0,0.0,0.0
40700000,6,1999.0,1993.0,2000.0,1993.0,1500.0,1500.0,0.0,0.0,0.0,0.0,0.0,0.0,0.0,0.0,0.0,0.0
40800000,6,1997.0,1993.0,2000.0,1992.0,1500.0,1500.0,0.0,0.0,0.0,0.0,0.0,0.0,0.0,0.0,0.0,0.0
40900000,6,2000.0,1992.0,1997.0,1991.0,1500.0,1500.0,0.0,0.0,0.0,0.0,0.0,0.0,0.0,0.0,0.0,0.0
41000000,6,1998.0,1995.0,1999.0,1993.0,1500.0,1500.0,0.0,0.0,0.0,0.0,0.0,0.0,0.0,0.0,0.0,0.0
41100000,6,1999.0,1988.0,1999.0,1990.0,1500.0,1500.0,0.0,0.0,0.0,0.0,0.0,0.0,0.0,0.0,0.0,0.0
41200000,6,1997.0,1988.0,1999.0,1985.0,1500.0,1500.0,0.0,0.0,0.0,0.0,0.0,0.0,0.0,0.0,0.0,0.0
41300000,6,1997.0,1991.0,2000.0,1990.0,1500.0,1500.0,0.0,0.0,0.0,0.0,0.0,0.0,0.0,0.0,0.0,0.0
41400000,6,1997.0,1994.0,1999.0,1990.0,1500.0,1500.0,0.0,0.0,0.0,0.0,0.0,0.0,0.0,0.0,0.0,0.0
41500000,6,1998.0,1990.0,1999.0,1987.0,1500.0,1500.0,0.0,0.0,0.0,0.0,0.0,0.0,0.0,0.0,0.0,0.0
41600000,6,1994.0,1989.0,2000.0,1990.0,1500.0,1500.0,0.0,0.0,0.0,0.0,0.0,0.0,0.0,0.0,0.0,0.0
41700000,6,1998.0,1992.0,2000.0,1993.0,1500.0,1500.0,0.0,0.0,0.0,0.0,0.0,0.0,0.0,0.0,0.0,0.0
41800000,6,1998.0,1994.0,1998.0,1989.0,1500.0,1500.0,0.0,0.0,0.0,0.0,0.0,0.0,0.0,0.0,0.0,0.0
41900000,6,1998.0,1992.0,2000.0,1991.0,1500.0,1500.0,0.0,0.0,0.0,0.0,0.0,0.0,0.0,0.0,0.0,0.0
42000000,6,1999.0,1997.0,1999.0,1994.0,1500.0,1500.0,0.0,0.0,0.0,0.0,0.0,0.0,0.0,0.0,0.0,0.0
42100000,6,1998.0,1991.0,1999.0,1989.0,1500.0,1500.0,0.0,0.0,0.0,0.0,0.0,0.0,0.0,0.0,0.0,0.0
42200000,6,2000.0,1992.0,1997.0,1992.0,1500.0,1500.0,0.0,0.0,0.0,0.0,0.0,0.0,0.0,0.0,0.0,0.0
42300000,6,1995.0,1993.0,2000.0,1993.0,1500.0,1500.0,0.0,0.0,0.0,0.0,0.0,0.0,0.0,0.0,0.0,0.0
42400000,6,1997.0,1995.0,2000.0,1994.0,1500.0,1500.0,0.0,0.0,0.0,0.0,0.0,0.0,0.0,0.0,0.0,0.0
42500000,6,1999.0,1992.0,1999.0,1991.0,1500.0,1500.0,0.0,0.0,0.0,0.0,0.0,0.0,0.0,0.0,0.0,0.0
42600000,6,1997.0,1992.0,1999.0,1989.0,1500.0,1500.0,0.0,0.0,0.0,0.0,0.0,0.0,0.0,0.0,0.0,0.0
42700000,6,1997.0,1994.0,1998.0,1986.0,1500.0,1500.0,0.0,0.0,0.0,0.0,0.0,0.0,0.0,0.0,0.0,0.0
42800000,6,1999.0,1992.0,2000.0,1993.0,1500.0,1500.0,0.0,0.0,0.0,0.0,0.0,0.0,0.0,0.0,0.0,0.0
42900000,6,1999.0,1993.0,1999.0,1994.0,1500.0,1500.0,0.0,0.0,0.0,0.0,0.0,0.0,0.0,0.0,0.0,0.0
42996000,6,1996.0,1990.0,2000.0,1991.0,1500.0,1500.0,0.0,0.0,0.0,0.0,0.0,0.0,0.0,0.0,0.0,0.0
43100000,6,2000.0,1994.0,1999.0,1995.0,1500.0,1500.0,0.0,0.0,0.0,0.0,0.0,0.0,0.0,0.0,0.0,0.0
43200000,6,1995.0,1992.0,2000.0,1988.0,1500.0,1500.0,0.0,0.0,0.0,0.0,0.0,0.0,0.0,0.0,0.0,0.0
43300000,6,1999.0,1995.0,1999.0,1991.0,1500.0,1500.0,0.0,0.0,0.0,0.0,0.0,0.0,0.0,0.0,0.0,0.0
43400000,6,1997.0,1991.0,2000.0,1990.0,1500.0,1500.0,0.0,0.0,0.0,0.0,0.0,0.0,0.0,0.0,0.0,0.0
43500000,6,1996.0,1991.0,2000.0,1991.0,1500.0,1500.0,0.0,0.0,0.0,0.0,0.0,0.0,0.0,0.0,0.0,0.0
43600000,6,2000.0,1993.0,1999.0,1992.0,1500.0,1500.0,0.0,0.0,0.0,0.0,0.0,0.0,0.0,0.0,0.0,0.0
43700000,6,1996.0,1995.0,2000.0,1991.0,1500.0,1500.0,0.0,0.0,0.0,0.0,0.0,0.0,0.0,0.0,0.0,0.0
43800000,6,1997.0,1994.0,2000.0,1992.0,1500.0,1500.0,0.0,0.0,0.0,0.0,0.0,0.0,0.0,0.0,0.0,0.0
43900000,6,1996.0,1996.0,2000.0,1994.0,1500.0,1500.0,0.0,0.0,0.0,0.0,0.0,0.0,0.0,0.0,0.0,0.0
44000000,6,1997.0,1993.0,2000.0,1992.0,1500.0,1500.0,0.0,0.0,0.0,0.0,0.0,0.0,0.0,0.0,0.0,0.0
44100000,6,1999.0,1995.0,1999.0,1993.0,1500.0,1500.0,0.0,0.0,0.0,0.0,0.0,0.0,0.0,0.0,0.0,0.0
44196000,6,1997.0,1991.0,2000.0,1994.0,1500.0,1500.0,0.0,0.0,0.0,0.0,0.0,0.0,0.0,0.0,0.0,0.0
44300000,6,1999.0,1994.0,2000.0,1993.0,1500.0,1500.0,0.0,0.0,0.0,0.0,0.0,0.0,0.0,0.0,0.0,0.0
44400000,6,1997.0,1992.0,1999.0,1988.0,1500.0,1500.0,0.0,0.0,0.0,0.0,0.0,0.0,0.0,0.0,0.0,0.0
44500000,6,1998.0,1992.0,1999.0,1989.0,1500.0,1500.0,0.0,0.0,0.0,0.0,0.0,0.0,0.0,0.0,0.0,0.0
44600000,6,1998.0,1995.0,1999.0,1992.0,1500.0,1500.0,0.0,0.0,0.0,0.0,0.0,0.0,0.0,0.0,0.0,0.0
44700000,6,1995.0,1993.0,2000.0,1991.0,1500.0,1500.0,0.0,0.0,0.0,0.0,0.0,0.0,0.0,0.0,0.0,0.0
44800000,6,1998.0,1991.0,2000.0,1992.0,1500.0,1500.0,0.0,0.0,0.0,0.0,0.0,0.0,0.0,0.0,0.0,0.0
44900000,6,1996.0,1993.0,2000.0,1992.0,1500.0,1500.0,0.0,0.0,0.0,0.0,0.0,0.0,0.0,0.0,0.0,0.0
45000000,6,1998.0,1992.0,2000.0,1991.0,1500.0,1500.0,0.0,0.0,0.0,0.0,0.0,0.0,0.0,0.0,0.0,0.0
45096000,6,1997.0,1996.0,1999.0,1993.0,1500.0,1500.0,0.0,0.0,0.0,0.0,0.0,0.0,0.0,0.0,0.0,0.0
45200000,6,2000.0,1998.0,1995.0,1988.0,1500.0,1500.0,0.0,0.0,0.0,0.0,0.0,0.0,0.0,0.0,0.0,0.0
45300000,6,1999.0,1993.0,1999.0,1992.0,1500.0,1500.0,0.0,0.0,0.0,0.0,0.0,0.0,0.0,0.0,0.0,0.0
45400000,6,1995.0,1987.0,2000.0,1990.0,1500.0,1500.0,0.0,0.0,0.0,0.0,0.0,0.0,0.0,0.0,0.0,0.0
45500000,6,1994.0,1993.0,2000.0,1992.0,1500.0,1500.0,0.0,0.0,0.0,0.0,0.0,0.0,0.0,0.0,0.0,0.0
45600000,6,1996.0,1991.0,2000.0,1992.0,1500.0,1500.0,0.0,0.0,0.0,0.0,0.0,0.0,0.0,0.0,0.0,0.0
45700000,6,1999.0,1994.0,1999.0,1992.0,1500.0,1500.0,0.0,0.0,0.0,0.0,0.0,0.0,0.0,0.0,0.0,0.0
45800000,6,1999.0,1995.0,1999.0,1991.0,1500.0,1500.0,0.0,0.0,0.0,0.0,0.0,0.0,0.0,0.0,0.0,0.0
45896000,6,1998.0,1994.0,2000.0,1994.0,1500.0,1500.0,0.0,0.0,0.0,0.0,0.0,0.0,0.0,0.0,0.0,0.0
46000000,6,1998.0,1997.0,1999.0,1994.0,1500.0,1500.0,0.0,0.0,0.0,0.0,0.0,0.0,0.0,0.0,0.0,0.0
46100000,6,2000.0,1993.0,1997.0,1994.0,1500.0,1500.0,0.0,0.0,0.0,0.0,0.0,0.0,0.0,0.0,0.0,0.0
46200000,6,1997.0,1994.0,2000.0,1992.0,1500.0,1500.0,0.0,0.0,0.0,0.0,0.0,0.0,0.0,0.0,0.0,0.0
46300000,6,1996.0,1990.0,1999.0,1987.0,1500.0,1500.0,0.0,0.0,0.0,0.0,0.0,0.0,0.0,0.0,0.0,0.0
46400000,6,1997.0,1991.0,1999.0,1987.0,1500.0,1500.0,0.0,0.0,0.0,0.0,0.0,0.0,0.0,0.0,0.0,0.0
46496000,6,1997.0,1991.0,1999.0,1987.0,1500.0,1500.0,0.0,0.0,0.0,0.0,0.0,0.0,0.0,0.0,0.0,0.0
46600000,6,1995.0,1993.0,2000.0,1990.0,1500.0,1500.0,0.0,0.0,0.0,0.0,0.0,0.0,0.0,0.0,0.0,0.0
46700000,6,1998.0,1991.0,1999.0,1988.0,1500.0,1500.0,0.0,0.0,0.0,0.0,0.0,0.0,0.0,0.0,0.0,0.0
46800000,6,1998.0,1994.0,1999.0,1991.0,1500.0,1500.0,0.0,0.0,0.0,0.0,0.0,0.0,0.0,0.0,0.0,0.0
46900000,6,1999.0,1994.0,1999.0,1991.0,1500.0,1500.0,0.0,0.0,0.0,0.0,0.0,0.0,0.0,0.0,0.0,0.0
47000000,6,1997.0,1995.0,2000.0,1993.0,1500.0,1500.0,0.0,0.0,0.0,0.0,0.0,0.0,0.0,0.0,0.0,0.0
47100000,6,1995.0,1990.0,2000.0,1989.0,1500.0,1500.0,0.0,0.0,0.0,0.0,0.0,0.0,0.0,0.0,0.0,0.0
47200000,6,1998.0,1993.0,1999.0,1991.0,1500.0,1500.0,0.0,0.0,0.0,0.0,0.0,0.0,0.0,0.0,0.0,0.0
47300000,6,1998.0,1994.0,1999.0,1991.0,1500.0,1500.0,0.0,0.0,0.0,0.0,0.0,0.0,0.0,0.0,0.0,0.0
47400000,6,1997.0,1992.0,1999.0,1989.0,1500.0,1500.0,0.0,0.0,0.0,0.0,0.0,0.0,0.0,0.0,0.0,0.0
47500000,6,1999.0,1993.0,2000.0,1994.0,1500.0,1500.0,0.0,0.0,0.0,0.0,0.0,0.0,0.0,0.0,0.0,0.0
47600000,6,1994.0,1989.0,2000.0,1986.0,1500.0,1500.0,0.0,0.0,0.0,0.0,0.0,0.0,0.0,0.0,0.0,0.0
47700000,6,1996.0,1995.0,1999.0,1991.0,1500.0,1500.0,0.0,0.0,0.0,0.0,0.0,0.0,0.0,0.0,0.0,0.0
47800000,6,1997.0,1991.0,2000.0,1990.0,1500.0,1500.0,0.0,0.0,0.0,0.0,0.0,0.0,0.0,0.0,0.0,0.0
47900000,6,1995.0,1994.0,2000.0,1992.0,1500.0,1500.0,0.0,0.0,0.0,0.0,0.0,0.0,0.0,0.0,0.0,0.0
48000000,6,1994.0,1992.0,2000.0,1988.0,1500.0,1500.0,0.0,0.0,0.0,0.0,0.0,0.0,0.0,0.0,0.0,0.0
48100000,6,2000.0,1990.0,1998.0,1988.0,1500.0,1500.0,0.0,0.0,0.0,0.0,0.0,0.0,0.0,0.0,0.0,0.0
48200000,6,1996.0,1993.0,1999.0,1989.0,1500.0,1500.0,0.0,0.0,0.0,0.0,0.0,0.0,0.0,0.0,0.0,0.0
48300000,6,1997.0,1989.0,2000.0,1988.0,1500.0,1500.0,0.0,0.0,0.0,0.0,0.0,0.0,0.0,0.0,0.0,0.0
48400000,6,1998.0,1993.0,2000.0,1991.0,1500.0,1500.0,0.0,0.0,0.0,0.0,0.0,0.0,0.0,0.0,0.0,0.0
48500000,6,2000.0,1996.0,1999.0,1995.0,1500.0,1500.0,0.0,0.0,0.0,0.0,0.0,0.0,0.0,0.0,0.0,0.0
48596000,6,1998.0,1996.0,1999.0,1994.0,1500.0,1500.0,0.0,0.0,0.0,0.0,0.0,0.0,0.0,0.0,0.0,0.0
48696000,6,1997.0,1993.0,1999.0,1989.0,1500.0,1500.0,0.0,0.0,0.0,0.0,0.0,0.0,0.0,0.0,0.0,0.0
48800000,6,1996.0,1995.0,1999.0,1991.0,1500.0,1500.0,0.0,0.0,0.0,0.0,0.0,0.0,0.0,0.0,0.0,0.0
48900000,6,1996.0,1992.0,1999.0,1987.0,1500.0,1500.0,0.0,0.0,0.0,0.0,0.0,0.0,0.0,0.0,0.0,0.0
49000000,6,1995.0,1991.0,2000.0,1988.0,1500.0,1500.0,0.0,0.0,0.0,0.0,0.0,0.0,0.0,0.0,0.0,0.0
49100000,6,1996.0,1990.0,2000.0,1988.0,1500.0,1500.0,0.0,0.0,0.0,0.0,0.0,0.0,0.0,0.0,0.0,0.0
49200000,6,1999.0,1992.0,1999.0,1989.0,1500.0,1500.0,0.0,0.0,0.0,0.0,0.0,0.0,0.0,0.0,0.0,0.0
49300000,6,1996.0,1993.0,1999.0,1990.0,1500.0,1500.0,0.0,0.0,0.0,0.0,0.0,0.0,0.0,0.0,0.0,0.0
49400000,6,1997.0,1991.0,2000.0,1993.0,1500.0,1500.0,0.0,0.0,0.0,0.0,0.0,0.0,0.0,0.0,0.0,0.0
49500000,6,1996.0,1989.0,2000.0,1987.0,1500.0,1500.0,0.0,0.0,0.0,0.0,0.0,0.0,0.0,0.0,0.0,0.0
49600000,6,1997.0,1993.0,1999.0,1990.0,1500.0,1500.0,0.0,0.0,0.0,0.0,0.0,0.0,0.0,0.0,0.0,0.0
49700000,6,1998.0,1992.0,1999.0,1988.0,1500.0,1500.0,0.0,0.0,0.0,0.0,0.0,0.0,0.0,0.0,0.0,0.0
49800000,6,1999.0,1992.0,1999.0,1990.0,1500.0,1500.0,0.0,0.0,0.0,0.0,0.0,0.0,0.0,0.0,0.0,0.0
49900000,6,1997.0,1990.0,2000.0,1989.0,1500.0,1500.0,0.0,0.0,0.0,0.0,0.0,0.0,0.0,0.0,0.0,0.0
50000000,6,1996.0,1992.0,2000.0,1990.0,1500.0,1500.0,0.0,0.0,0.0,0.0,0.0,0.0,0.0,0.0,0.0,0.0
50100000,6,1998.0,1992.0,2000.0,1991.0,1500.0,1500.0,0.0,0.0,0.0,0.0,0.0,0.0,0.0,0.0,0.0,0.0
50200000,6,1996.0,1992.0,2000.0,1989.0,1500.0,1500.0,0.0,0.0,0.0,0.0,0.0,0.0,0.0,0.0,0.0,0.0
50300000,6,1999.0,1998.0,1998.0,1994.0,1500.0,1500.0,0.0,0.0,0.0,0.0,0.0,0.0,0.0,0.0,0.0,0.0
50400000,6,1995.0,1991.0,2000.0,1992.0,1500.0,1500.0,0.0,0.0,0.0,0.0,0.0,0.0,0.0,0.0,0.0,0.0
50500000,6,1999.0,1994.0,1999.0,1993.0,1500.0,1500.0,0.0,0.0,0.0,0.0,0.0,0.0,0.0,0.0,0.0,0.0
50600000,6,1999.0,1995.0,1999.0,1992.0,1500.0,1500.0,0.0,0.0,0.0,0.0,0.0,0.0,0.0,0.0,0.0,0.0
50700000,6,1997.0,1995.0,2000.0,1994.0,1500.0,1500.0,0.0,0.0,0.0,0.0,0.0,0.0,0.0,0.0,0.0,0.0
50800000,6,1998.0,1995.0,1999.0,1993.0,1500.0,1500.0,0.0,0.0,0.0,0.0,0.0,0.0,0.0,0.0,0.0,0.0
50900000,6,1996.0,1990.0,2000.0,1988.0,1500.0,1500.0,0.0,0.0,0.0,0.0,0.0,0.0,0.0,0.0,0.0,0.0
51000000,6,1997.0,1989.0,2000.0,1988.0,1500.0,1500.0,0.0,0.0,0.0,0.0,0.0,0.0,0.0,0.0,0.0,0.0
51100000,6,1999.0,1996.0,1999.0,1994.0,1500.0,1500.0,0.0,0.0,0.0,0.0,0.0,0.0,0.0,0.0,0.0,0.0
51200000,6,2000.0,1994.0,1998.0,1991.0,1500.0,1500.0,0.0,0.0,0.0,0.0,0.0,0.0,0.0,0.0,0.0,0.0
51300000,6,2000.0,1993.0,1999.0,1991.0,1500.0,1500.0,0.0,0.0,0.0,0.0,0.0,0.0,0.0,0.0,0.0,0.0
51400000,6,1972.0,1966.0,2000.0,1939.0,1500.0,1500.0,0.0,0.0,0.0,0.0,0.0,0.0,0.0,0.0,0.0,0.0
51500000,6,1994.0,1990.0,1999.0,1983.0,1500.0,1500.0,0.0,0.0,0.0,0.0,0.0,0.0,0.0,0.0,0.0,0.0
51600000,6,1998.0,1994.0,1999.0,1990.0,1500.0,1500.0,0.0,0.0,0.0,0.0,0.0,0.0,0.0,0.0,0.0,0.0
51700000,6,1999.0,1994.0,1999.0,1992.0,1500.0,1500.0,0.0,0.0,0.0,0.0,0.0,0.0,0.0,0.0,0.0,0.0
51800000,6,1977.0,1969.0,1950.0,2000.0,1500.0,1500.0,0.0,0.0,0.0,0.0,0.0,0.0,0.0,0.0,0.0,0.0
51900000,6,1984.0,1975.0,1999.0,1956.0,1500.0,1500.0,0.0,0.0,0.0,0.0,0.0,0.0,0.0,0.0,0.0,0.0
52000000,6,1995.0,1993.0,2000.0,1990.0,1500.0,1500.0,0.0,0.0,0.0,0.0,0.0,0.0,0.0,0.0,0.0,0.0
52100000,6,2000.0,1993.0,1997.0,1989.0,1500.0,1500.0,0.0,0.0,0.0,0.0,0.0,0.0,0.0,0.0,0.0,0.0
52200000,6,2000.0,1993.0,1998.0,1992.0,1500.0,1500.0,0.0,0.0,0.0,0.0,0.0,0.0,0.0,0.0,0.0,0.0
52300000,6,1962.0,1962.0,1930.0,2000.0,1500.0,1500.0,0.0,0.0,0.0,0.0,0.0,0.0,0.0,0.0,0.0,0.0
52400000,6,1992.0,1987.0,2000.0,1980.0,1500.0,1500.0,0.0,0.0,0.0,0.0,0.0,0.0,0.0,0.0,0.0,0.0
52500000,6,1998.0,1996.0,1999.0,1992.0,1500.0,1500.0,0.0,0.0,0.0,0.0,0.0,0.0,0.0,0.0,0.0,0.0
52600000,6,1999.0,1993.0,1999.0,1994.0,1500.0,1500.0,0.0,0.0,0.0,0.0,0.0,0.0,0.0,0.0,0.0,0.0
52700000,6,1998.0,1994.0,2000.0,1995.0,1500.0,1500.0,0.0,0.0,0.0,0.0,0.0,0.0,0.0,0.0,0.0,0.0
52800000,6,1996.0,1999.0,1999.0,1994.0,1500.0,1500.0,0.0,0.0,0.0,0.0,0.0,0.0,0.0,0.0,0.0,0.0
52900000,6,1999.0,1996.0,1998.0,1992.0,1500.0,1500.0,0.0,0.0,0.0,0.0,0.0,0.0,0.0,0.0,0.0,0.0
53000000,6,1999.0,1996.0,1999.0,1995.0,1500.0,1500.0,0.0,0.0,0.0,0.0,0.0,0.0,0.0,0.0,0.0,0.0
53100000,6,1998.0,1995.0,2000.0,1997.0,1500.0,1500.0,0.0,0.0,0.0,0.0,0.0,0.0,0.0,0.0,0.0,0.0
53200000,6,1981.0,1979.0,1999.0,1960.0,1500.0,1500.0,0.0,0.0,0.0,0.0,0.0,0.0,0.0,0.0,0.0,0.0
53300000,6,1994.0,1994.0,1999.0,1986.0,1500.0,1500.0,0.0,0.0,0.0,0.0,0.0,0.0,0.0,0.0,0.0,0.0
53400000,6,2000.0,1994.0,1998.0,1995.0,1500.0,1500.0,0.0,0.0,0.0,0.0,0.0,0.0,0.0,0.0,0.0,0.0
53500000,6,1992.0,1987.0,1981.0,2000.0,1500.0,1500.0,0.0,0.0,0.0,0.0,0.0,0.0,0.0,0.0,0.0,0.0
53600000,6,1992.0,1987.0,1999.0,1977.0,1500.0,1500.0,0.0,0.0,0.0,0.0,0.0,0.0,0.0,0.0,0.0,0.0
53700000,6,1996.0,1995.0,1999.0,1990.0,1500.0,1500.0,0.0,0.0,0.0,0.0,0.0,0.0,0.0,0.0,0.0,0.0
53800000,6,1995.0,1991.0,2000.0,1988.0,1500.0,1500.0,0.0,0.0,0.0,0.0,0.0,0.0,0.0,0.0,0.0,0.0
53900000,6,1999.0,1995.0,2000.0,1995.0,1500.0,1500.0,0.0,0.0,0.0,0.0,0.0,0.0,0.0,0.0,0.0,0.0
54000000,6,1996.0,1991.0,2000.0,1989.0,1500.0,1500.0,0.0,0.0,0.0,0.0,0.0,0.0,0.0,0.0,0.0,0.0
54100000,6,1996.0,1996.0,2000.0,1996.0,1500.0,1500.0,0.0,0.0,0.0,0.0,0.0,0.0,0.0,0.0,0.0,0.0
54200000,6,1984.0,1985.0,1999.0,1966.0,1500.0,1500.0,0.0,0.0,0.0,0.0,0.0,0.0,0.0,0.0,0.0,0.0
54300000,6,1996.0,1992.0,1999.0,1988.0,1500.0,1500.0,0.0,0.0,0.0,0.0,0.0,0.0,0.0,0.0,0.0,0.0
54400000,6,1998.0,1995.0,1999.0,1994.0,1500.0,1500.0,0.0,0.0,0.0,0.0,0.0,0.0,0.0,0.0,0.0,0.0
54500000,6,2000.0,1996.0,1996.0,1995.0,1500.0,1500.0,0.0,0.0,0.0,0.0,0.0,0.0,0.0,0.0,0.0,0.0
54600000,6,1997.0,1994.0,2000.0,1993.0,1500.0,1500.0,0.0,0.0,0.0,0.0,0.0,0.0,0.0,0.0,0.0,0.0
54700000,6,1997.0,1993.0,2000.0,1992.0,1500.0,1500.0,0.0,0.0,0.0,0.0,0.0,0.0,0.0,0.0,0.0,0.0
54800000,6,1979.0,1977.0,2000.0,1958.0,1500.0,1500.0,0.0,0.0,0.0,0.0,0.0,0.0,0.0,0.0,0.0,0.0
54900000,6,1999.0,1991.0,1999.0,1990.0,1500.0,1500.0,0.0,0.0,0.0,0.0,0.0,0.0,0.0,0.0,0.0,0.0
55000000,6,1999.0,1996.0,1999.0,1995.0,1500.0,1500.0,0.0,0.0,0.0,0.0,0.0,0.0,0.0,0.0,0.0,0.0
55100000,6,2000.0,1995.0,1999.0,1993.0,1500.0,1500.0,0.0,0.0,0.0,0.0,0.0,0.0,0.0,0.0,0.0,0.0
55200000,6,2000.0,1994.0,1999.0,1994.0,1500.0,1500.0,0.0,0.0,0.0,0.0,0.0,0.0,0.0,0.0,0.0,0.0
55300000,6,1992.0,1985.0,1981.0,2000.0,1500.0,1500.0,0.0,0.0,0.0,0.0,0.0,0.0,0.0,0.0,0.0,0.0
55400000,6,1996.0,1986.0,1999.0,1979.0,1500.0,1500.0,0.0,0.0,0.0,0.0,0.0,0.0,0.0,0.0,0.0,0.0
55500000,6,2000.0,1994.0,1997.0,1996.0,1500.0,1500.0,0.0,0.0,0.0,0.0,0.0,0.0,0.0,0.0,0.0,0.0
55600000,6,2000.0,1996.0,1999.0,1996.0,1500.0,1500.0,0.0,0.0,0.0,0.0,0.0,0.0,0.0,0.0,0.0,0.0
55700000,6,1996.0,1992.0,2000.0,1992.0,1500.0,1500.0,0.0,0.0,0.0,0.0,0.0,0.0,0.0,0.0,0.0,0.0
55800000,6,1998.0,1995.0,1999.0,1992.0,1500.0,1500.0,0.0,0.0,0.0,0.0,0.0,0.0,0.0,0.0,0.0,0.0
55900000,6,1999.0,1997.0,2000.0,1997.0,1500.0,1500.0,0.0,0.0,0.0,0.0,0.0,0.0,0.0,0.0,0.0,0.0
56000000,6,2000.0,1991.0,1996.0,1993.0,1500.0,1500.0,0.0,0.0,0.0,0.0,0.0,0.0,0.0,0.0,0.0,0.0
56100000,6,1997.0,1997.0,1999.0,1992.0,1500.0,1500.0,0.0,0.0,0.0,0.0,0.0,0.0,0.0,0.0,0.0,0.0
56200000,6,1996.0,1993.0,2000.0,1993.0,1500.0,1500.0,0.0,0.0,0.0,0.0,0.0,0.0,0.0,0.0,0.0,0.0
56300000,6,1973.0,1976.0,2000.0,1952.0,1500.0,1500.0,0.0,0.0,0.0,0.0,0.0,0.0,0.0,0.0,0.0,0.0
56400000,6,1995.0,1987.0,1999.0,1982.0,1500.0,1500.0,0.0,0.0,0.0,0.0,0.0,0.0,0.0,0.0,0.0,0.0
56500000,6,1999.0,1995.0,1999.0,1994.0,1500.0,1500.0,0.0,0.0,0.0,0.0,0.0,0.0,0.0,0.0,0.0,0.0
56600000,6,1998.0,1994.0,1999.0,1992.0,1500.0,1500.0,0.0,0.0,0.0,0.0,0.0,0.0,0.0,0.0,0.0,0.0
56700000,6,1997.0,1995.0,2000.0,1994.0,1500.0,1500.0,0.0,0.0,0.0,0.0,0.0,0.0,0.0,0.0,0.0,0.0
56800000,6,1997.0,1991.0,2000.0,1989.0,1500.0,1500.0,0.0,0.0,0.0,0.0,0.0,0.0,0.0,0.0,0.0,0.0
56900000,6,2000.0,1991.0,1998.0,1991.0,1500.0,1500.0,0.0,0.0,0.0,0.0,0.0,0.0,0.0,0.0,0.0,0.0
57000000,6,1998.0,1990.0,2000.0,1990.0,1500.0,1500.0,0.0,0.0,0.0,0.0,0.0,0.0,0.0,0.0,0.0,0.0
57100000,6,1987.0,1979.0,1965.0,1999.0,1500.0,1500.0,0.0,0.0,0.0,0.0,0.0,0.0,0.0,0.0,0.0,0.0
57200000,6,1992.0,1989.0,1999.0,1979.0,1500.0,1500.0,0.0,0.0,0.0,0.0,0.0,0.0,0.0,0.0,0.0,0.0
57300000,6,1998.0,1995.0,1999.0,1991.0,1500.0,1500.0,0.0,0.0,0.0,0.0,0.0,0.0,0.0,0.0,0.0,0.0
57400000,6,1999.0,1990.0,1999.0,1991.0,1500.0,1500.0,0.0,0.0,0.0,0.0,0.0,0.0,0.0,0.0,0.0,0.0
57500000,6,2000.0,1994.0,1998.0,1995.0,1500.0,1500.0,0.0,0.0,0.0,0.0,0.0,0.0,0.0,0.0,0.0,0.0
57600000,6,1997.0,1996.0,1999.0,1992.0,1500.0,1500.0,0.0,0.0,0.0,0.0,0.0,0.0,0.0,0.0,0.0,0.0
57700000,6,1985.0,1981.0,1968.0,2000.0,1500.0,1500.0,0.0,0.0,0.0,0.0,0.0,0.0,0.0,0.0,0.0,0.0
57800000,6,1994.0,1989.0,1998.0,1979.0,1500.0,1500.0,0.0,0.0,0.0,0.0,0.0,0.0,0.0,0.0,0.0,0.0
57900000,6,1998.0,1992.0,1999.0,1989.0,1500.0,1500.0,0.0,0.0,0.0,0.0,0.0,0.0,0.0,0.0,0.0,0.0
58000000,6,1998.0,1994.0,2000.0,1995.0,1500.0,1500.0,0.0,0.0,0.0,0.0,0.0,0.0,0.0,0.0,0.0,0.0
58100000,6,1997.0,1989.0,2000.0,1991.0,1500.0,1500.0,0.0,0.0,0.0,0.0,0.0,0.0,0.0,0.0,0.0,0.0
58200000,6,1988.0,1983.0,1971.0,2000.0,1500.0,1500.0,0.0,0.0,0.0,0.0,0.0,0.0,0.0,0.0,0.0,0.0
58300000,6,1984.0,1981.0,2000.0,1965.0,1500.0,1500.0,0.0,0.0,0.0,0.0,0.0,0.0,0.0,0.0,0.0,0.0
58400000,6,1999.0,1997.0,1999.0,1996.0,1500.0,1500.0,0.0,0.0,0.0,0.0,0.0,0.0,0.0,0.0,0.0,0.0
58500000,6,2000.0,1994.0,1997.0,1994.0,1500.0,1500.0,0.0,0.0,0.0,0.0,0.0,0.0,0.0,0.0,0.0,0.0
58600000,6,1998.0,1999.0,1999.0,1997.0,1500.0,1500.0,0.0,0.0,0.0,0.0,0.0,0.0,0.0,0.0,0.0,0.0
58700000,6,1999.0,1992.0,1998.0,1995.0,1500.0,1500.0,0.0,0.0,0.0,0.0,0.0,0.0,0.0,0.0,0.0,0.0
58800000,6,1975.0,1970.0,1942.0,1998.0,1500.0,1500.0,0.0,0.0,0.0,0.0,0.0,0.0,0.0,0.0,0.0,0.0
58900000,6,1994.0,1984.0,1999.0,1978.0,1500.0,1500.0,0.0,0.0,0.0,0.0,0.0,0.0,0.0,0.0,0.0,0.0
59000000,6,1999.0,1993.0,1999.0,1989.0,1500.0,1500.0,0.0,0.0,0.0,0.0,0.0,0.0,0.0,0.0,0.0,0.0
59100000,6,1999.0,1996.0,1997.0,1999.0,1500.0,1500.0,0.0,0.0,0.0,0.0,0.0,0.0,0.0,0.0,0.0,0.0
59200000,6,1996.0,1994.0,2000.0,1993.0,1500.0,1500.0,0.0,0.0,0.0,0.0,0.0,0.0,0.0,0.0,0.0,0.0
59300000,6,1998.0,1992.0,1999.0,1989.0,1500.0,1500.0,0.0,0.0,0.0,0.0,0.0,0.0,0.0,0.0,0.0,0.0
59400000,6,1989.0,1985.0,2000.0,1975.0,1500.0,1500.0,0.0,0.0,0.0,0.0,0.0,0.0,0.0,0.0,0.0,0.0
59500000,6,1998.0,1995.0,1999.0,1993.0,1500.0,1500.0,0.0,0.0,0.0,0.0,0.0,0.0,0.0,0.0,0.0,0.0
59600000,6,1994.0,1990.0,1987.0,2000.0,1500.0,1500.0,0.0,0.0,0.0,0.0,0.0,0.0,0.0,0.0,0.0,0.0
59700000,6,1998.0,1996.0,2000.0,1996.0,1500.0,1500.0,0.0,0.0,0.0,0.0,0.0,0.0,0.0,0.0,0.0,0.0
59800000,6,1998.0,1994.0,2000.0,1995.0,1500.0,1500.0,0.0,0.0,0.0,0.0,0.0,0.0,0.0,0.0,0.0,0.0
59900000,6,1996.0,1990.0,2000.0,1992.0,1500.0,1500.0,0.0,0.0,0.0,0.0,0.0,0.0,0.0,0.0,0.0,0.0
60000000,6,2000.0,1994.0,1996.0,1996.0,1500.0,1500.0,0.0,0.0,0.0,0.0,0.0,0.0,0.0,0.0,0.0,0.0
60100000,6,1999.0,1992.0,1998.0,1995.0,1500.0,1500.0,0.0,0.0,0.0,0.0,0.0,0.0,0.0,0.0,0.0,0.0
60200000,6,1997.0,1993.0,1999.0,1988.0,1500.0,1500.0,0.0,0.0,0.0,0.0,0.0,0.0,0.0,0.0,0.0,0.0
60300000,6,1998.0,1997.0,1991.0,1998.0,1500.0,1500.0,0.0,0.0,0.0,0.0,0.0,0.0,0.0,0.0,0.0,0.0
60400000,6,1997.0,1992.0,1988.0,1999.0,1500.0,1500.0,0.0,0.0,0.0,0.0,0.0,0.0,0.0,0.0,0.0,0.0
60500000,6,2000.0,1996.0,1993.0,1995.0,1500.0,1500.0,0.0,0.0,0.0,0.0,0.0,0.0,0.0,0.0,0.0,0.0
60600000,6,2000.0,1998.0,1994.0,1996.0,1500.0,1500.0,0.0,0.0,0.0,0.0,0.0,0.0,0.0,0.0,0.0,0.0
60700000,6,1998.0,1997.0,1993.0,1999.0,1500.0,1500.0,0.0,0.0,0.0,0.0,0.0,0.0,0.0,0.0,0.0,0.0
60800000,6,1993.0,1996.0,1991.0,2000.0,1500.0,1500.0,0.0,0.0,0.0,0.0,0.0,0.0,0.0,0.0,0.0,0.0
60900000,6,1999.0,1996.0,1992.0,1998.0,1500.0,1500.0,0.0,0.0,0.0,0.0,0.0,0.0,0.0,0.0,0.0,0.0
61000000,6,1991.0,1991.0,1981.0,1999.0,1500.0,1500.0,0.0,0.0,0.0,0.0,0.0,0.0,0.0,0.0,0.0,0.0
61100000,6,1982.0,1979.0,1999.0,1959.0,1500.0,1500.0,0.0,0.0,0.0,0.0,0.0,0.0,0.0,0.0,0.0,0.0
61200000,6,1973.0,1976.0,1947.0,1999.0,1500.0,1500.0,0.0,0.0,0.0,0.0,0.0,0.0,0.0,0.0,0.0,0.0
61300000,6,1973.0,1973.0,1946.0,1999.0,1500.0,1500.0,0.0,0.0,0.0,0.0,0.0,0.0,0.0,0.0,0.0,0.0
61400000,6,1984.0,1983.0,1966.0,1999.0,1500.0,1500.0,0.0,0.0,0.0,0.0,0.0,0.0,0.0,0.0,0.0,0.0
61500000,6,1995.0,1992.0,1985.0,1999.0,1500.0,1500.0,0.0,0.0,0.0,0.0,0.0,0.0,0.0,0.0,0.0,0.0
61600000,6,1992.0,1991.0,1985.0,2000.0,1500.0,1500.0,0.0,0.0,0.0,0.0,0.0,0.0,0.0,0.0,0.0,0.0
61700000,6,1995.0,1994.0,1988.0,1999.0,1500.0,1500.0,0.0,0.0,0.0,0.0,0.0,0.0,0.0,0.0,0.0,0.0
61800000,6,1995.0,1990.0,1985.0,1999.0,1500.0,1500.0,0.0,0.0,0.0,0.0,0.0,0.0,0.0,0.0,0.0,0.0
61900000,6,1993.0,1992.0,1986.0,2000.0,1500.0,1500.0,0.0,0.0,0.0,0.0,0.0,0.0,0.0,0.0,0.0,0.0
62000000,6,1991.0,1992.0,1982.0,1999.0,1500.0,1500.0,0.0,0.0,0.0,0.0,0.0,0.0,0.0,0.0,0.0,0.0
62100000,6,1994.0,1992.0,1985.0,1999.0,1500.0,1500.0,0.0,0.0,0.0,0.0,0.0,0.0,0.0,0.0,0.0,0.0
62200000,6,1992.0,1991.0,1983.0,1999.0,1500.0,1500.0,0.0,0.0,0.0,0.0,0.0,0.0,0.0,0.0,0.0,0.0
62300000,6,1996.0,1993.0,1987.0,1999.0,1500.0,1500.0,0.0,0.0,0.0,0.0,0.0,0.0,0.0,0.0,0.0,0.0
62400000,6,1998.0,1992.0,1990.0,1999.0,1500.0,1500.0,0.0,0.0,0.0,0.0,0.0,0.0,0.0,0.0,0.0,0.0
62500000,6,1995.0,1992.0,1989.0,2000.0,1500.0,1500.0,0.0,0.0,0.0,0.0,0.0,0.0,0.0,0.0,0.0,0.0
62600000,6,1993.0,1995.0,1988.0,1999.0,1500.0,1500.0,0.0,0.0,0.0,0.0,0.0,0.0,0.0,0.0,0.0,0.0
62700000,6,1991.0,1992.0,1985.0,2000.0,1500.0,1500.0,0.0,0.0,0.0,0.0,0.0,0.0,0.0,0.0,0.0,0.0
62800000,6,1998.0,1995.0,1993.0,1999.0,1500.0,1500.0,0.0,0.0,0.0,0.0,0.0,0.0,0.0,0.0,0.0,0.0
62900000,6,1992.0,1991.0,1985.0,2000.0,1500.0,1500.0,0.0,0.0,0.0,0.0,0.0,0.0,0.0,0.0,0.0,0.0
63000000,6,1994.0,1994.0,1988.0,1999.0,1500.0,1500.0,0.0,0.0,0.0,0.0,0.0,0.0,0.0,0.0,0.0,0.0
63100000,6,2000.0,1994.0,1994.0,1998.0,1500.0,1500.0,0.0,0.0,0.0,0.0,0.0,0.0,0.0,0.0,0.0,0.0
63200000,6,1996.0,1992.0,1988.0,2000.0,1500.0,1500.0,0.0,0.0,0.0,0.0,0.0,0.0,0.0,0.0,0.0,0.0
63300000,6,1999.0,1993.0,1995.0,1999.0,1500.0,1500.0,0.0,0.0,0.0,0.0,0.0,0.0,0.0,0.0,0.0,0.0
63400000,6,1993.0,1994.0,1986.0,1999.0,1500.0,1500.0,0.0,0.0,0.0,0.0,0.0,0.0,0.0,0.0,0.0,0.0
63500000,6,1997.0,1994.0,1993.0,2000.0,1500.0,1500.0,0.0,0.0,0.0,0.0,0.0,0.0,0.0,0.0,0.0,0.0
63596000,6,1997.0,1996.0,1992.0,1999.0,1500.0,1500.0,0.0,0.0,0.0,0.0,0.0,0.0,0.0,0.0,0.0,0.0
63700000,6,1999.0,1993.0,1993.0,1999.0,1500.0,1500.0,0.0,0.0,0.0,0.0,0.0,0.0,0.0,0.0,0.0,0.0
63800000,6,1999.0,1996.0,1994.0,1999.0,1500.0,1500.0,0.0,0.0,0.0,0.0,0.0,0.0,0.0,0.0,0.0,0.0
63900000,6,1995.0,1993.0,1991.0,2000.0,1500.0,1500.0,0.0,0.0,0.0,0.0,0.0,0.0,0.0,0.0,0.0,0.0
64000000,6,1999.0,1995.0,1994.0,1999.0,1500.0,1500.0,0.0,0.0,0.0,0.0,0.0,0.0,0.0,0.0,0.0,0.0
64100000,6,1996.0,1994.0,1992.0,2000.0,1500.0,1500.0,0.0,0.0,0.0,0.0,0.0,0.0,0.0,0.0,0.0,0.0
64200000,6,2000.0,1996.0,1995.0,1999.0,1500.0,1500.0,0.0,0.0,0.0,0.0,0.0,0.0,0.0,0.0,0.0,0.0
64300000,6,1999.0,1998.0,1999.0,1999.0,1500.0,1500.0,0.0,0.0,0.0,0.0,0.0,0.0,0.0,0.0,0.0,0.0
64400000,6,1999.0,1993.0,1995.0,1999.0,1500.0,1500.0,0.0,0.0,0.0,0.0,0.0,0.0,0.0,0.0,0.0,0.0
64500000,6,1999.0,1996.0,1994.0,1999.0,1500.0,1500.0,0.0,0.0,0.0,0.0,0.0,0.0,0.0,0.0,0.0,0.0
64600000,6,1999.0,1993.0,1996.0,1997.0,1500.0,1500.0,0.0,0.0,0.0,0.0,0.0,0.0,0.0,0.0,0.0,0.0
64700000,6,1998.0,1997.0,1994.0,1999.0,1500.0,1500.0,0.0,0.0,0.0,0.0,0.0,0.0,0.0,0.0,0.0,0.0
64800000,6,1999.0,1990.0,1994.0,1997.0,1500.0,1500.0,0.0,0.0,0.0,0.0,0.0,0.0,0.0,0.0,0.0,0.0
64900000,6,2000.0,1996.0,1996.0,1997.0,1500.0,1500.0,0.0,0.0,0.0,0.0,0.0,0.0,0.0,0.0,0.0,0.0
65000000,6,1998.0,1997.0,1995.0,1999.0,1500.0,1500.0,0.0,0.0,0.0,0.0,0.0,0.0,0.0,0.0,0.0,0.0
65100000,6,1999.0,1992.0,1994.0,1998.0,1500.0,1500.0,0.0,0.0,0.0,0.0,0.0,0.0,0.0,0.0,0.0,0.0
65200000,6,1999.0,1998.0,1996.0,1999.0,1500.0,1500.0,0.0,0.0,0.0,0.0,0.0,0.0,0.0,0.0,0.0,0.0
65300000,6,2000.0,1993.0,1996.0,1995.0,1500.0,1500.0,0.0,0.0,0.0,0.0,0.0,0.0,0.0,0.0,0.0,0.0
65400000,6,2000.0,1998.0,1998.0,1999.0,1500.0,1500.0,0.0,0.0,0.0,0.0,0.0,0.0,0.0,0.0,0.0,0.0
65500000,6,1999.0,1991.0,1996.0,1995.0,1500.0,1500.0,0.0,0.0,0.0,0.0,0.0,0.0,0.0,0.0,0.0,0.0
65596000,6,2000.0,1993.0,1995.0,1996.0,1500.0,1500.0,0.0,0.0,0.0,0.0,0.0,0.0,0.0,0.0,0.0,0.0
65700000,6,1998.0,1996.0,2000.0,1997.0,1500.0,1500.0,0.0,0.0,0.0,0.0,0.0,0.0,0.0,0.0,0.0,0.0
65800000,6,2000.0,1994.0,1996.0,1997.0,1500.0,1500.0,0.0,0.0,0.0,0.0,0.0,0.0,0.0,0.0,0.0,0.0
65900000,6,2000.0,1996.0,1995.0,1995.0,1500.0,1500.0,0.0,0.0,0.0,0.0,0.0,0.0,0.0,0.0,0.0,0.0
66000000,6,2000.0,1997.0,1996.0,1999.0,1500.0,1500.0,0.0,0.0,0.0,0.0,0.0,0.0,0.0,0.0,0.0,0.0
66100000,6,1998.0,1999.0,1997.0,1999.0,1500.0,1500.0,0.0,0.0,0.0,0.0,0.0,0.0,0.0,0.0,0.0,0.0
66200000,6,2000.0,1992.0,1994.0,1997.0,1500.0,1500.0,0.0,0.0,0.0,0.0,0.0,0.0,0.0,0.0,0.0,0.0
66300000,6,2000.0,1995.0,1996.0,1996.0,1500.0,1500.0,0.0,0.0,0.0,0.0,0.0,0.0,0.0,0.0,0.0,0.0
66400000,6,1999.0,1994.0,1997.0,1998.0,1500.0,1500.0,0.0,0.0,0.0,0.0,0.0,0.0,0.0,0.0,0.0,0.0
66500000,6,2000.0,1996.0,1999.0,1995.0,1500.0,1500.0,0.0,0.0,0.0,0.0,0.0,0.0,0.0,0.0,0.0,0.0
66600000,6,2000.0,1993.0,1996.0,1996.0,1500.0,1500.0,0.0,0.0,0.0,0.0,0.0,0.0,0.0,0.0,0.0,0.0
66700000,6,2000.0,1996.0,1995.0,1996.0,1500.0,1500.0,0.0,0.0,0.0,0.0,0.0,0.0,0.0,0.0,0.0,0.0
66800000,6,2000.0,1994.0,1996.0,1997.0,1500.0,1500.0,0.0,0.0,0.0,0.0,0.0,0.0,0.0,0.0,0.0,0.0
66900000,6,1999.0,1989.0,1996.0,1994.0,1500.0,1500.0,0.0,0.0,0.0,0.0,0.0,0.0,0.0,0.0,0.0,0.0
67000000,6,1986.0,1969.0,2000.0,1964.0,1500.0,1500.0,0.0,0.0,0.0,0.0,0.0,0.0,0.0,0.0,0.0,0.0
67100000,6,1997.0,1990.0,2000.0,1990.0,1500.0,1500.0,0.0,0.0,0.0,0.0,0.0,0.0,0.0,0.0,0.0,0.0
67200000,6,2000.0,1995.0,1997.0,1995.0,1500.0,1500.0,0.0,0.0,0.0,0.0,0.0,0.0,0.0,0.0,0.0,0.0
67300000,6,1999.0,1993.0,1998.0,1997.0,1500.0,1500.0,0.0,0.0,0.0,0.0,0.0,0.0,0.0,0.0,0.0,0.0
67400000,6,2000.0,1993.0,1999.0,1994.0,1500.0,1500.0,0.0,0.0,0.0,0.0,0.0,0.0,0.0,0.0,0.0,0.0
67500000,6,1999.0,1993.0,1999.0,1995.0,1500.0,1500.0,0.0,0.0,0.0,0.0,0.0,0.0,0.0,0.0,0.0,0.0
67600000,6,1999.0,1994.0,1999.0,1991.0,1500.0,1500.0,0.0,0.0,0.0,0.0,0.0,0.0,0.0,0.0,0.0,0.0
67700000,6,1997.0,1994.0,2000.0,1996.0,1500.0,1500.0,0.0,0.0,0.0,0.0,0.0,0.0,0.0,0.0,0.0,0.0
67800000,6,1999.0,1995.0,1998.0,1998.0,1500.0,1500.0,0.0,0.0,0.0,0.0,0.0,0.0,0.0,0.0,0.0,0.0
67900000,6,2000.0,1991.0,1998.0,1990.0,1500.0,1500.0,0.0,0.0,0.0,0.0,0.0,0.0,0.0,0.0,0.0,0.0
68000000,6,1999.0,1988.0,1999.0,1990.0,1500.0,1500.0,0.0,0.0,0.0,0.0,0.0,0.0,0.0,0.0,0.0,0.0
68100000,6,1997.0,1995.0,2000.0,1994.0,1500.0,1500.0,0.0,0.0,0.0,0.0,0.0,0.0,0.0,0.0,0.0,0.0
68200000,6,2000.0,1994.0,1997.0,1996.0,1500.0,1500.0,0.0,0.0,0.0,0.0,0.0,0.0,0.0,0.0,0.0,0.0
68300000,6,1999.0,1991.0,1999.0,1989.0,1500.0,1500.0,0.0,0.0,0.0,0.0,0.0,0.0,0.0,0.0,0.0,0.0
68400000,6,2000.0,1992.0,1997.0,1993.0,1500.0,1500.0,0.0,0.0,0.0,0.0,0.0,0.0,0.0,0.0,0.0,0.0
68500000,6,1999.0,1993.0,1999.0,1996.0,1500.0,1500.0,0.0,0.0,0.0,0.0,0.0,0.0,0.0,0.0,0.0,0.0
68600000,6,2000.0,1994.0,1996.0,1997.0,1500.0,1500.0,0.0,0.0,0.0,0.0,0.0,0.0,0.0,0.0,0.0,0.0
68700000,6,1999.0,1992.0,1999.0,1993.0,1500.0,1500.0,0.0,0.0,0.0,0.0,0.0,0.0,0.0,0.0,0.0,0.0
68796000,6,1998.0,1996.0,1998.0,2000.0,1500.0,1500.0,0.0,0.0,0.0,0.0,0.0,0.0,0.0,0.0,0.0,0.0
68900000,6,1998.0,1993.0,2000.0,1995.0,1500.0,1500.0,0.0,0.0,0.0,0.0,0.0,0.0,0.0,0.0,0.0,0.0
69000000,6,1999.0,1994.0,1999.0,1995.0,1500.0,1500.0,0.0,0.0,0.0,0.0,0.0,0.0,0.0,0.0,0.0,0.0
69100000,6,1998.0,1994.0,1999.0,1990.0,1500.0,1500.0,0.0,0.0,0.0,0.0,0.0,0.0,0.0,0.0,0.0,0.0
69200000,6,1999.0,1993.0,2000.0,1993.0,1500.0,1500.0,0.0,0.0,0.0,0.0,0.0,0.0,0.0,0.0,0.0,0.0
69300000,6,2000.0,1992.0,1999.0,1992.0,1500.0,1500.0,0.0,0.0,0.0,0.0,0.0,0.0,0.0,0.0,0.0,0.0
69400000,6,1997.0,1996.0,2000.0,1995.0,1500.0,1500.0,0.0,0.0,0.0,0.0,0.0,0.0,0.0,0.0,0.0,0.0
69500000,6,1999.0,1992.0,2000.0,1994.0,1500.0,1500.0,0.0,0.0,0.0,0.0,0.0,0.0,0.0,0.0,0.0,0.0
69600000,6,1998.0,1995.0,2000.0,1994.0,1500.0,1500.0,0.0,0.0,0.0,0.0,0.0,0.0,0.0,0.0,0.0,0.0
69700000,6,2000.0,1993.0,1993.0,1992.0,1500.0,1500.0,0.0,0.0,0.0,0.0,0.0,0.0,0.0,0.0,0.0,0.0
69796000,6,1999.0,1985.0,1995.0,1992.0,1500.0,1500.0,0.0,0.0,0.0,0.0,0.0,0.0,0.0,0.0,0.0,0.0
69900000,6,1999.0,1993.0,2000.0,1994.0,1500.0,1500.0,0.0,0.0,0.0,0.0,0.0,0.0,0.0,0.0,0.0,0.0
70000000,6,2000.0,1993.0,1997.0,1993.0,1500.0,1500.0,0.0,0.0,0.0,0.0,0.0,0.0,0.0,0.0,0.0,0.0
70100000,6,2000.0,1991.0,1999.0,1992.0,1500.0,1500.0,0.0,0.0,0.0,0.0,0.0,0.0,0.0,0.0,0.0,0.0
70200000,6,1999.0,1990.0,1999.0,1993.0,1500.0,1500.0,0.0,0.0,0.0,0.0,0.0,0.0,0.0,0.0,0.0,0.0
70300000,6,1999.0,1994.0,1998.0,1996.0,1500.0,1500.0,0.0,0.0,0.0,0.0,0.0,0.0,0.0,0.0,0.0,0.0
70400000,6,2000.0,1991.0,1998.0,1992.0,1500.0,1500.0,0.0,0.0,0.0,0.0,0.0,0.0,0.0,0.0,0.0,0.0
70500000,6,1999.0,1993.0,1999.0,1994.0,1500.0,1500.0,0.0,0.0,0.0,0.0,0.0,0.0,0.0,0.0,0.0,0.0
70596000,6,2000.0,1995.0,1997.0,1993.0,1500.0,1500.0,0.0,0.0,0.0,0.0,0.0,0.0,0.0,0.0,0.0,0.0
70700000,6,1998.0,1994.0,1999.0,1993.0,1500.0,1500.0,0.0,0.0,0.0,0.0,0.0,0.0,0.0,0.0,0.0,0.0
70800000,6,1999.0,1993.0,1999.0,1995.0,1500.0,1500.0,0.0,0.0,0.0,0.0,0.0,0.0,0.0,0.0,0.0,0.0
70900000,6,2000.0,1992.0,1997.0,1994.0,1500.0,1500.0,0.0,0.0,0.0,0.0,0.0,0.0,0.0,0.0,0.0,0.0
71000000,6,2000.0,1995.0,1999.0,1995.0,1500.0,1500.0,0.0,0.0,0.0,0.0,0.0,0.0,0.0,0.0,0.0,0.0
71100000,6,1999.0,1993.0,1999.0,1995.0,1500.0,1500.0,0.0,0.0,0.0,0.0,0.0,0.0,0.0,0.0,0.0,0.0
71200000,6,1999.0,1988.0,1998.0,1992.0,1500.0,1500.0,0.0,0.0,0.0,0.0,0.0,0.0,0.0,0.0,0.0,0.0
71300000,6,1999.0,1993.0,1999.0,1992.0,1500.0,1500.0,0.0,0.0,0.0,0.0,0.0,0.0,0.0,0.0,0.0,0.0
71400000,6,2000.0,1995.0,1999.0,1995.0,1500.0,1500.0,0.0,0.0,0.0,0.0,0.0,0.0,0.0,0.0,0.0,0.0
71500000,6,2000.0,1993.0,1999.0,1993.0,1500.0,1500.0,0.0,0.0,0.0,0.0,0.0,0.0,0.0,0.0,0.0,0.0
71600000,6,1999.0,1995.0,1999.0,1993.0,1500.0,1500.0,0.0,0.0,0.0,0.0,0.0,0.0,0.0,0.0,0.0,0.0
71700000,6,1997.0,1992.0,2000.0,1994.0,1500.0,1500.0,0.0,0.0,0.0,0.0,0.0,0.0,0.0,0.0,0.0,0.0
71800000,6,1999.0,1993.0,1999.0,1992.0,1500.0,1500.0,0.0,0.0,0.0,0.0,0.0,0.0,0.0,0.0,0.0,0.0
71900000,6,1999.0,1994.0,1999.0,1993.0,1500.0,1500.0,0.0,0.0,0.0,0.0,0.0,0.0,0.0,0.0,0.0,0.0
72000000,6,2000.0,1989.0,1997.0,1990.0,1500.0,1500.0,0.0,0.0,0.0,0.0,0.0,0.0,0.0,0.0,0.0,0.0
72100000,6,1999.0,1989.0,1999.0,1987.0,1500.0,1500.0,0.0,0.0,0.0,0.0,0.0,0.0,0.0,0.0,0.0,0.0
72200000,6,1999.0,1995.0,1999.0,1993.0,1500.0,1500.0,0.0,0.0,0.0,0.0,0.0,0.0,0.0,0.0,0.0,0.0
72300000,6,1999.0,1994.0,1999.0,1993.0,1500.0,1500.0,0.0,0.0,0.0,0.0,0.0,0.0,0.0,0.0,0.0,0.0
72400000,6,2000.0,1990.0,1999.0,1990.0,1500.0,1500.0,0.0,0.0,0.0,0.0,0.0,0.0,0.0,0.0,0.0,0.0
72500000,6,1999.0,1992.0,1998.0,1994.0,1500.0,1500.0,0.0,0.0,0.0,0.0,0.0,0.0,0.0,0.0,0.0,0.0
72600000,6,1999.0,1991.0,1999.0,1992.0,1500.0,1500.0,0.0,0.0,0.0,0.0,0.0,0.0,0.0,0.0,0.0,0.0
72700000,6,1999.0,1994.0,2000.0,1996.0,1500.0,1500.0,0.0,0.0,0.0,0.0,0.0,0.0,0.0,0.0,0.0,0.0
72800000,6,2000.0,1993.0,1997.0,1995.0,1500.0,1500.0,0.0,0.0,0.0,0.0,0.0,0.0,0.0,0.0,0.0,0.0
72900000,6,1999.0,1991.0,1999.0,1993.0,1500.0,1500.0,0.0,0.0,0.0,0.0,0.0,0.0,0.0,0.0,0.0,0.0
73000000,6,1999.0,1991.0,1998.0,1994.0,1500.0,1500.0,0.0,0.0,0.0,0.0,0.0,0.0,0.0,0.0,0.0,0.0
73100000,6,1999.0,1996.0,1999.0,1995.0,1500.0,1500.0,0.0,0.0,0.0,0.0,0.0,0.0,0.0,0.0,0.0,0.0
73200000,6,1998.0,1994.0,1999.0,1991.0,1500.0,1500.0,0.0,0.0,0.0,0.0,0.0,0.0,0.0,0.0,0.0,0.0
73300000,6,1999.0,1994.0,2000.0,1995.0,1500.0,1500.0,0.0,0.0,0.0,0.0,0.0,0.0,0.0,0.0,0.0,0.0
73400000,6,1999.0,1991.0,1999.0,1992.0,1500.0,1500.0,0.0,0.0,0.0,0.0,0.0,0.0,0.0,0.0,0.0,0.0
73500000,6,1999.0,1991.0,1997.0,1994.0,1500.0,1500.0,0.0,0.0,0.0,0.0,0.0,0.0,0.0,0.0,0.0,0.0
73600000,6,1998.0,1995.0,2000.0,1996.0,1500.0,1500.0,0.0,0.0,0.0,0.0,0.0,0.0,0.0,0.0,0.0,0.0
73700000,6,1999.0,1990.0,1997.0,1993.0,1500.0,1500.0,0.0,0.0,0.0,0.0,0.0,0.0,0.0,0.0,0.0,0.0
73800000,6,2000.0,1993.0,1997.0,1993.0,1500.0,1500.0,0.0,0.0,0.0,0.0,0.0,0.0,0.0,0.0,0.0,0.0
73900000,6,2000.0,1991.0,1996.0,1993.0,1500.0,1500.0,0.0,0.0,0.0,0.0,0.0,0.0,0.0,0.0,0.0,0.0
74000000,6,1999.0,1992.0,1998.0,1994.0,1500.0,1500.0,0.0,0.0,0.0,0.0,0.0,0.0,0.0,0.0,0.0,0.0
74100000,6,2000.0,1995.0,1996.0,1996.0,1500.0,1500.0,0.0,0.0,0.0,0.0,0.0,0.0,0.0,0.0,0.0,0.0
74200000,6,1999.0,1992.0,2000.0,1993.0,1500.0,1500.0,0.0,0.0,0.0,0.0,0.0,0.0,0.0,0.0,0.0,0.0
74300000,6,1999.0,1995.0,1999.0,1993.0,1500.0,1500.0,0.0,0.0,0.0,0.0,0.0,0.0,0.0,0.0,0.0,0.0
74400000,6,1998.0,1991.0,2000.0,1990.0,1500.0,1500.0,0.0,0.0,0.0,0.0,0.0,0.0,0.0,0.0,0.0,0.0
74500000,6,1999.0,1994.0,1999.0,1994.0,1500.0,1500.0,0.0,0.0,0.0,0.0,0.0,0.0,0.0,0.0,0.0,0.0
74600000,6,1996.0,1990.0,2000.0,1992.0,1500.0,1500.0,0.0,0.0,0.0,0.0,0.0,0.0,0.0,0.0,0.0,0.0
74700000,6,2000.0,1993.0,1998.0,1994.0,1500.0,1500.0,0.0,0.0,0.0,0.0,0.0,0.0,0.0,0.0,0.0,0.0
74800000,6,1999.0,1988.0,1996.0,1993.0,1500.0,1500.0,0.0,0.0,0.0,0.0,0.0,0.0,0.0,0.0,0.0,0.0
74900000,6,1999.0,1993.0,1999.0,1995.0,1500.0,1500.0,0.0,0.0,0.0,0.0,0.0,0.0,0.0,0.0,0.0,0.0
75000000,6,1999.0,1993.0,1999.0,1992.0,1500.0,1500.0,0.0,0.0,0.0,0.0,0.0,0.0,0.0,0.0,0.0,0.0
75100000,6,2000.0,1994.0,1997.0,1996.0,1500.0,1500.0,0.0,0.0,0.0,0.0,0.0,0.0,0.0,0.0,0.0,0.0
75200000,6,1999.0,1993.0,1999.0,1996.0,1500.0,1500.0,0.0,0.0,0.0,0.0,0.0,0.0,0.0,0.0,0.0,0.0
75300000,6,2000.0,1993.0,1999.0,1994.0,1500.0,1500.0,0.0,0.0,0.0,0.0,0.0,0.0,0.0,0.0,0.0,0.0
75400000,6,1999.0,1990.0,1999.0,1989.0,1500.0,1500.0,0.0,0.0,0.0,0.0,0.0,0.0,0.0,0.0,0.0,0.0
75500000,6,1999.0,1992.0,1999.0,1994.0,1500.0,1500.0,0.0,0.0,0.0,0.0,0.0,0.0,0.0,0.0,0.0,0.0
75600000,6,2000.0,1991.0,1996.0,1994.0,1500.0,1500.0,0.0,0.0,0.0,0.0,0.0,0.0,0.0,0.0,0.0,0.0
75700000,6,1984.0,1989.0,1920.0,1688.0,1500.0,1500.0,0.0,0.0,0.0,0.0,0.0,0.0,0.0,0.0,0.0,0.0
75800000,6,1968.0,1959.0,2000.0,1971.0,1500.0,1500.0,0.0,0.0,0.0,0.0,0.0,0.0,0.0,0.0,0.0,0.0
75900000,6,1963.0,1953.0,1938.0,2000.0,1500.0,1500.0,0.0,0.0,0.0,0.0,0.0,0.0,0.0,0.0,0.0,0.0
76000000,6,1931.0,1942.0,1882.0,1977.0,1500.0,1500.0,0.0,0.0,0.0,0.0,0.0,0.0,0.0,0.0,0.0,0.0
76100000,6,1895.0,1896.0,1870.0,1901.0,1500.0,1500.0,0.0,0.0,0.0,0.0,0.0,0.0,0.0,0.0,0.0,0.0
76200000,6,1866.0,1863.0,1869.0,1845.0,1500.0,1500.0,0.0,0.0,0.0,0.0,0.0,0.0,0.0,0.0,0.0,0.0
76300000,6,1918.0,1936.0,1929.0,1905.0,1500.0,1500.0,0.0,0.0,0.0,0.0,0.0,0.0,0.0,0.0,0.0,0.0
76400000,6,1984.0,1944.0,1991.0,1932.0,1500.0,1500.0,0.0,0.0,0.0,0.0,0.0,0.0,0.0,0.0,0.0,0.0
76500000,6,2000.0,1915.0,1957.0,1956.0,1500.0,1500.0,0.0,0.0,0.0,0.0,0.0,0.0,0.0,0.0,0.0,0.0
76600000,6,1979.0,1981.0,2000.0,1962.0,1500.0,1500.0,0.0,0.0,0.0,0.0,0.0,0.0,0.0,0.0,0.0,0.0
76700000,6,1972.0,1984.0,2000.0,1961.0,1500.0,1500.0,0.0,0.0,0.0,0.0,0.0,0.0,0.0,0.0,0.0,0.0
76800000,6,1985.0,1987.0,2000.0,1977.0,1500.0,1500.0,0.0,0.0,0.0,0.0,0.0,0.0,0.0,0.0,0.0,0.0
76900000,6,1992.0,1987.0,2000.0,1980.0,1500.0,1500.0,0.0,0.0,0.0,0.0,0.0,0.0,0.0,0.0,0.0,0.0
77000000,6,1887.0,1803.0,1971.0,2000.0,1500.0,1500.0,0.0,0.0,0.0,0.0,0.0,0.0,0.0,0.0,0.0,0.0
77100000,6,1974.0,1950.0,1985.0,2000.0,1500.0,1500.0,0.0,0.0,0.0,0.0,0.0,0.0,0.0,0.0,0.0,0.0
77200000,6,1982.0,1988.0,1995.0,2000.0,1500.0,1500.0,0.0,0.0,0.0,0.0,0.0,0.0,0.0,0.0,0.0,0.0
77300000,6,1991.0,2000.0,1995.0,1992.0,1500.0,1500.0,0.0,0.0,0.0,0.0,0.0,0.0,0.0,0.0,0.0,0.0
77400000,6,1998.0,1996.0,2000.0,1998.0,1500.0,1500.0,0.0,0.0,0.0,0.0,0.0,0.0,0.0,0.0,0.0,0.0
77500000,6,1997.0,1994.0,1998.0,1989.0,1500.0,1500.0,0.0,0.0,0.0,0.0,0.0,0.0,0.0,0.0,0.0,0.0
77600000,6,2000.0,1994.0,1998.0,1993.0,1500.0,1500.0,0.0,0.0,0.0,0.0,0.0,0.0,0.0,0.0,0.0,0.0
77700000,6,2000.0,1995.0,1997.0,1991.0,1500.0,1500.0,0.0,0.0,0.0,0.0,0.0,0.0,0.0,0.0,0.0,0.0
77800000,6,1999.0,1992.0,1999.0,1989.0,1500.0,1500.0,0.0,0.0,0.0,0.0,0.0,0.0,0.0,0.0,0.0,0.0
77900000,6,1999.0,1993.0,1999.0,1993.0,1500.0,1500.0,0.0,0.0,0.0,0.0,0.0,0.0,0.0,0.0,0.0,0.0
78000000,6,1999.0,1987.0,1999.0,1985.0,1500.0,1500.0,0.0,0.0,0.0,0.0,0.0,0.0,0.0,0.0,0.0,0.0
78100000,6,2000.0,1991.0,1998.0,1991.0,1500.0,1500.0,0.0,0.0,0.0,0.0,0.0,0.0,0.0,0.0,0.0,0.0
78196000,6,2000.0,1992.0,1996.0,1994.0,1500.0,1500.0,0.0,0.0,0.0,0.0,0.0,0.0,0.0,0.0,0.0,0.0
78300000,6,1999.0,1996.0,1999.0,1994.0,1500.0,1500.0,0.0,0.0,0.0,0.0,0.0,0.0,0.0,0.0,0.0,0.0
78396000,6,2000.0,1991.0,1997.0,1993.0,1500.0,1500.0,0.0,0.0,0.0,0.0,0.0,0.0,0.0,0.0,0.0,0.0
78500000,6,2000.0,1993.0,1999.0,1993.0,1500.0,1500.0,0.0,0.0,0.0,0.0,0.0,0.0,0.0,0.0,0.0,0.0
78600000,6,1998.0,1992.0,2000.0,1993.0,1500.0,1500.0,0.0,0.0,0.0,0.0,0.0,0.0,0.0,0.0,0.0,0.0
78700000,6,1999.0,1994.0,1999.0,1993.0,1500.0,1500.0,0.0,0.0,0.0,0.0,0.0,0.0,0.0,0.0,0.0,0.0
78800000,6,1999.0,1994.0,2000.0,1996.0,1500.0,1500.0,0.0,0.0,0.0,0.0,0.0,0.0,0.0,0.0,0.0,0.0
78900000,6,2000.0,1996.0,1998.0,1997.0,1500.0,1500.0,0.0,0.0,0.0,0.0,0.0,0.0,0.0,0.0,0.0,0.0
79000000,6,1999.0,1990.0,1998.0,1994.0,1500.0,1500.0,0.0,0.0,0.0,0.0,0.0,0.0,0.0,0.0,0.0,0.0
79100000,6,1999.0,1992.0,1999.0,1992.0,1500.0,1500.0,0.0,0.0,0.0,0.0,0.0,0.0,0.0,0.0,0.0,0.0
79200000,6,1998.0,1992.0,2000.0,1991.0,1500.0,1500.0,0.0,0.0,0.0,0.0,0.0,0.0,0.0,0.0,0.0,0.0
79300000,6,2000.0,1993.0,1998.0,1990.0,1500.0,1500.0,0.0,0.0,0.0,0.0,0.0,0.0,0.0,0.0,0.0,0.0
79400000,6,1998.0,1992.0,2000.0,1993.0,1500.0,1500.0,0.0,0.0,0.0,0.0,0.0,0.0,0.0,0.0,0.0,0.0
79500000,6,1998.0,1993.0,1999.0,1990.0,1500.0,1500.0,0.0,0.0,0.0,0.0,0.0,0.0,0.0,0.0,0.0,0.0
79600000,6,1965.0,1999.0,1963.0,1999.0,1500.0,1500.0,0.0,0.0,0.0,0.0,0.0,0.0,0.0,0.0,0.0,0.0
79700000,6,1996.0,1969.0,2000.0,1970.0,1500.0,1500.0,0.0,0.0,0.0,0.0,0.0,0.0,0.0,0.0,0.0,0.0
79800000,6,1993.0,1961.0,1994.0,1962.0,1500.0,1500.0,0.0,0.0,0.0,0.0,0.0,0.0,0.0,0.0,0.0,0.0
79900000,6,1977.0,1959.0,1980.0,1954.0,1500.0,1500.0,0.0,0.0,0.0,0.0,0.0,0.0,0.0,0.0,0.0,0.0
80000000,6,1971.0,1965.0,1972.0,1964.0,1500.0,1500.0,0.0,0.0,0.0,0.0,0.0,0.0,0.0,0.0,0.0,0.0
80100000,6,1974.0,1972.0,1973.0,1974.0,1500.0,1500.0,0.0,0.0,0.0,0.0,0.0,0.0,0.0,0.0,0.0,0.0
80200000,6,1979.0,1979.0,1981.0,1978.0,1500.0,1500.0,0.0,0.0,0.0,0.0,0.0,0.0,0.0,0.0,0.0,0.0
80300000,6,1976.0,1979.0,1978.0,1977.0,1500.0,1500.0,0.0,0.0,0.0,0.0,0.0,0.0,0.0,0.0,0.0,0.0
80400000,6,1979.0,1983.0,1981.0,1979.0,1500.0,1500.0,0.0,0.0,0.0,0.0,0.0,0.0,0.0,0.0,0.0,0.0
80496000,6,2000.0,1966.0,1902.0,1957.0,1500.0,1500.0,0.0,0.0,0.0,0.0,0.0,0.0,0.0,0.0,0.0,0.0
80600000,6,1992.0,1996.0,1957.0,1987.0,1500.0,1500.0,0.0,0.0,0.0,0.0,0.0,0.0,0.0,0.0,0.0,0.0
80700000,6,1991.0,2000.0,1991.0,1987.0,1500.0,1500.0,0.0,0.0,0.0,0.0,0.0,0.0,0.0,0.0,0.0,0.0
80800000,6,1991.0,1994.0,1999.0,1985.0,1500.0,1500.0,0.0,0.0,0.0,0.0,0.0,0.0,0.0,0.0,0.0,0.0
80900000,6,1988.0,1981.0,2000.0,1986.0,1500.0,1500.0,0.0,0.0,0.0,0.0,0.0,0.0,0.0,0.0,0.0,0.0
81000000,6,1995.0,1985.0,2000.0,1993.0,1500.0,1500.0,0.0,0.0,0.0,0.0,0.0,0.0,0.0,0.0,0.0,0.0
81100000,6,1997.0,1994.0,2000.0,1998.0,1500.0,1500.0,0.0,0.0,0.0,0.0,0.0,0.0,0.0,0.0,0.0,0.0
81200000,6,1999.0,1996.0,2000.0,1996.0,1500.0,1500.0,0.0,0.0,0.0,0.0,0.0,0.0,0.0,0.0,0.0,0.0
81300000,6,1999.0,1991.0,1997.0,1995.0,1500.0,1500.0,0.0,0.0,0.0,0.0,0.0,0.0,0.0,0.0,0.0,0.0
81400000,6,1999.0,1994.0,1999.0,1993.0,1500.0,1500.0,0.0,0.0,0.0,0.0,0.0,0.0,0.0,0.0,0.0,0.0
81500000,6,1999.0,1990.0,1998.0,1994.0,1500.0,1500.0,0.0,0.0,0.0,0.0,0.0,0.0,0.0,0.0,0.0,0.0
81600000,6,1999.0,1991.0,1997.0,1994.0,1500.0,1500.0,0.0,0.0,0.0,0.0,0.0,0.0,0.0,0.0,0.0,0.0
81700000,6,1997.0,1991.0,2000.0,1993.0,1500.0,1500.0,0.0,0.0,0.0,0.0,0.0,0.0,0.0,0.0,0.0,0.0
81800000,6,1999.0,1990.0,1998.0,1992.0,1500.0,1500.0,0.0,0.0,0.0,0.0,0.0,0.0,0.0,0.0,0.0,0.0
81900000,6,1979.0,1917.0,1999.0,1893.0,1500.0,1500.0,0.0,0.0,0.0,0.0,0.0,0.0,0.0,0.0,0.0,0.0
82000000,6,1998.0,1976.0,1999.0,1971.0,1500.0,1500.0,0.0,0.0,0.0,0.0,0.0,0.0,0.0,0.0,0.0,0.0
82100000,6,1953.0,1982.0,1937.0,2000.0,1500.0,1500.0,0.0,0.0,0.0,0.0,0.0,0.0,0.0,0.0,0.0,0.0
82200000,6,1977.0,2000.0,1954.0,1971.0,1500.0,1500.0,0.0,0.0,0.0,0.0,0.0,0.0,0.0,0.0,0.0,0.0
82300000,6,1996.0,1995.0,1986.0,1997.0,1500.0,1500.0,0.0,0.0,0.0,0.0,0.0,0.0,0.0,0.0,0.0,0.0
82400000,6,1902.0,1949.0,1911.0,2000.0,1500.0,1500.0,0.0,0.0,0.0,0.0,0.0,0.0,0.0,0.0,0.0,0.0
82500000,6,1915.0,1937.0,1917.0,2000.0,1500.0,1500.0,0.0,0.0,0.0,0.0,0.0,0.0,0.0,0.0,0.0,0.0
82600000,6,1962.0,1953.0,1958.0,1975.0,1500.0,1500.0,0.0,0.0,0.0,0.0,0.0,0.0,0.0,0.0,0.0,0.0
82700000,6,1978.0,1937.0,1961.0,1921.0,1500.0,1500.0,0.0,0.0,0.0,0.0,0.0,0.0,0.0,0.0,0.0,0.0
82800000,6,1996.0,1934.0,1954.0,1878.0,1500.0,1500.0,0.0,0.0,0.0,0.0,0.0,0.0,0.0,0.0,0.0,0.0
82900000,6,1992.0,1917.0,1922.0,1845.0,1500.0,1500.0,0.0,0.0,0.0,0.0,0.0,0.0,0.0,0.0,0.0,0.0
83000000,6,1986.0,1910.0,1885.0,1828.0,1500.0,1500.0,0.0,0.0,0.0,0.0,0.0,0.0,0.0,0.0,0.0,0.0
83100000,6,1977.0,1901.0,1840.0,1826.0,1500.0,1500.0,0.0,0.0,0.0,0.0,0.0,0.0,0.0,0.0,0.0,0.0
83200000,6,1964.0,1897.0,1797.0,1829.0,1500.0,1500.0,0.0,0.0,0.0,0.0,0.0,0.0,0.0,0.0,0.0,0.0
83300000,6,1861.0,1845.0,1730.0,1821.0,1500.0,1500.0,0.0,0.0,0.0,0.0,0.0,0.0,0.0,0.0,0.0,0.0
83400000,6,1789.0,1833.0,1673.0,1820.0,1500.0,1500.0,0.0,0.0,0.0,0.0,0.0,0.0,0.0,0.0,0.0,0.0
83500000,6,1728.0,1851.0,1598.0,1818.0,1500.0,1500.0,0.0,0.0,0.0,0.0,0.0,0.0,0.0,0.0,0.0,0.0
83600000,6,1667.0,1858.0,1534.0,1825.0,1500.0,1500.0,0.0,0.0,0.0,0.0,0.0,0.0,0.0,0.0,0.0,0.0
83700000,6,1670.0,1811.0,1525.0,1785.0,1500.0,1500.0,0.0,0.0,0.0,0.0,0.0,0.0,0.0,0.0,0.0,0.0
83800000,6,1651.0,1809.0,1499.0,1783.0,1500.0,1500.0,0.0,0.0,0.0,0.0,0.0,0.0,0.0,0.0,0.0,0.0
83900000,6,1630.0,1791.0,1465.0,1775.0,1500.0,1500.0,0.0,0.0,0.0,0.0,0.0,0.0,0.0,0.0,0.0,0.0
84000000,6,1608.0,1783.0,1438.0,1763.0,1500.0,1500.0,0.0,0.0,0.0,0.0,0.0,0.0,0.0,0.0,0.0,0.0
84100000,6,1576.0,1778.0,1401.0,1764.0,1500.0,1500.0,0.0,0.0,0.0,0.0,0.0,0.0,0.0,0.0,0.0,0.0
84200000,6,1554.0,1768.0,1366.0,1757.0,1500.0,1500.0,0.0,0.0,0.0,0.0,0.0,0.0,0.0,0.0,0.0,0.0
84300000,6,1529.0,1753.0,1334.0,1747.0,1500.0,1500.0,0.0,0.0,0.0,0.0,0.0,0.0,0.0,0.0,0.0,0.0
84400000,6,1506.0,1746.0,1300.0,1740.0,1500.0,1500.0,0.0,0.0,0.0,0.0,0.0,0.0,0.0,0.0,0.0,0.0
84500000,6,1473.0,1734.0,1258.0,1738.0,1500.0,1500.0,0.0,0.0,0.0,0.0,0.0,0.0,0.0,0.0,0.0,0.0
84600000,6,1446.0,1725.0,1220.0,1735.0,1500.0,1500.0,0.0,0.0,0.0,0.0,0.0,0.0,0.0,0.0,0.0,0.0
84700000,6,1008.0,1231.0,1000.0,1240.0,1500.0,1500.0,0.0,0.0,0.0,0.0,0.0,0.0,0.0,0.0,0.0,0.0
84796000,6,1012.0,1227.0,1000.0,1240.0,1500.0,1500.0,0.0,0.0,0.0,0.0,0.0,0.0,0.0,0.0,0.0,0.0
