timestamp,timestamp_sample,gyro_device_id,gyro_bias[0],gyro_bias[1],gyro_bias[2],gyro_bias_limit,gyro_bias_variance[0],gyro_bias_variance[1],gyro_bias_variance[2],accel_device_id,accel_bias[0],accel_bias[1],accel_bias[2],accel_bias_limit,accel_bias_variance[0],accel_bias_variance[1],accel_bias_variance[2],mag_device_id,mag_bias[0],mag_bias[1],mag_bias[2],mag_bias_limit,mag_bias_variance[0],mag_bias_variance[1],mag_bias_variance[2],gyro_bias_valid,accel_bias_valid,mag_bias_valid
2368000,2364000,1310988,-0.0006310668,-0.00086001254,-3.9813467e-06,0.34906584,7.275738e-05,7.275779e-05,1.7906246e-05,1310988,0.0,0.0,0.0002838775,0.4,0.00038667727,0.00038667727,0.00038266816,197388,0.0,0.0,0.0,0.5,0.0,0.0,0.0,1,1,0
2788000,2784000,1310988,-0.0009387642,-0.002473237,-0.00023490835,0.34906584,3.8587343e-05,3.8587586e-05,9.75539e-06,1310988,0.0,0.0,0.00027212396,0.4,0.00039103106,0.00039103106,0.0003784714,197388,0.0,0.0,0.0,0.5,0.0,0.0,0.0,1,1,0
3448000,3444000,1310988,-0.0005541128,-0.0023820545,-0.00043404454,0.34906584,2.0393927e-05,2.0394316e-05,3.4034817e-06,1310988,0.0,0.0,0.0016780948,0.4,0.0003951386,0.0003951386,0.00035280472,197388,0.0,0.0,0.0,0.5,0.0,0.0,0.0,1,1,0
3828000,3824000,1310988,-0.00030191956,-0.0018470541,-0.0003945016,0.34906584,1.5630754e-05,1.5631009e-05,1.9213846e-06,1310988,0.0,0.0,0.002803011,0.4,0.00039654353,0.00039654353,0.0003296738,197388,0.0,0.0,0.0,0.5,0.0,0.0,0.0,1,1,0
4208000,4204000,1310988,6.1280756e-05,-0.0011691442,-0.0003133219,0.34906584,8.1431135e-06,8.143163e-06,1.156133e-06,1310988,0.0,0.0,0.0039137513,0.4,0.00039750812,0.00039750812,0.0003024497,197388,0.0,0.0,0.0,0.5,0.0,0.0,0.0,1,1,0
4588000,4584000,1310988,0.00017206809,-0.0012585155,-0.0002132502,0.34906584,4.0140844e-06,4.0140894e-06,7.393329e-07,1310988,0.0,0.0,0.005215432,0.4,0.0003981693,0.0003981693,0.00027334105,197388,0.0,0.0,0.0,0.5,0.0,0.0,0.0,1,1,0
4968000,4964000,1310988,2.0371604e-05,-0.001491117,-0.00018976213,0.34906584,2.1113722e-06,2.1113658e-06,6.7086233e-07,1310988,0.0,0.0,0.006266658,0.4,0.0003986218,0.0003986218,0.00024430206,197388,0.0,0.0,0.0,0.5,0.0,0.0,0.0,1,1,0
5340000,5336000,1310988,-0.00010854329,-0.0015043654,-0.00020181331,0.34906584,1.4579125e-06,1.4579043e-06,6.719544e-07,1310988,0.0,0.0,0.007272599,0.4,0.00039972583,0.00039972583,0.00021712064,197388,0.0,0.0,0.0,0.5,0.0,0.0,0.0,1,1,0
5720000,5716000,1310988,-0.00014947765,-0.0014501265,-0.00020969268,0.34906584,1.3435968e-06,1.3435871e-06,6.7019516e-07,1310988,0.0,0.0,0.008607914,0.4,0.00039994036,0.00039994036,0.00019148942,197388,0.0,0.0,0.0,0.5,0.0,0.0,0.0,1,1,0
7240000,7236000,1310988,-0.00014114524,-0.0012864792,-8.906078e-05,0.34906584,1.2400924e-06,1.2400819e-06,6.377435e-07,1310988,0.0,0.0,0.009612534,0.4,0.00040030168,0.00040030168,0.00013436163,197388,0.0,0.0,0.0,0.5,0.0,0.0,0.0,1,1,0
7400000,7396000,1310988,-0.00013939904,-0.0011203063,-5.532724e-05,0.34906584,1.1600172e-06,1.1600072e-06,6.307027e-07,1310988,0.0,0.0,0.011023748,0.4,0.0004003166,0.0004003166,0.00012303684,197388,0.0,0.0,0.0,0.5,0.0,0.0,0.0,1,1,0
7800000,7796000,1310988,1.8840296e-05,-0.00079512334,-0.00012992564,0.34906584,1.0516663e-06,1.0516562e-06,6.121764e-07,1310988,0.0,0.0,0.012274855,0.4,0.000400345,0.000400345,0.00010784973,197388,0.0,0.0,0.0,0.5,0.0,0.0,0.0,1,1,0
8200000,8196000,1310988,7.548391e-05,-0.00035885588,-0.00018610043,0.34906584,9.259262e-07,9.25915e-07,5.9012217e-07,1310988,0.0,0.0,0.013791115,0.4,0.0004003639,0.0004003639,9.37585e-05,197388,0.0,0.0,0.0,0.5,0.0,0.0,0.0,1,1,0
8600000,8596000,1310988,-1.0848013e-05,2.5007077e-05,-0.00027957017,0.34906584,7.937438e-07,7.937308e-07,5.648793e-07,1310988,0.0,0.0,0.015602752,0.4,0.00040037654,0.00040037654,8.069191e-05,197388,0.0,0.0,0.0,0.5,0.0,0.0,0.0,1,1,0
9000000,8996000,1310988,-1.8006951e-05,0.00034876232,-0.00041904484,0.34906584,6.6433097e-07,6.6431716e-07,5.370186e-07,1310988,0.0,0.0,0.018842468,0.4,0.00040038503,0.00040038503,6.8783454e-05,197388,0.0,0.0,0.0,0.5,0.0,0.0,0.0,1,1,0
9200000,9196000,1310988,-2.2303857e-05,0.0004951441,-0.00051318743,0.34906584,5.813535e-07,5.813396e-07,5.223098e-07,1310988,0.0,0.0,0.019961284,0.4,0.00040038818,0.00040038818,6.0479702e-05,197388,0.0,0.0,0.0,0.5,0.0,0.0,0.0,1,1,0
9600000,9596000,1310988,-3.0935345e-05,0.00065563805,-0.00058853417,0.34906584,4.851593e-07,4.8514624e-07,4.900395e-07,1310988,0.0,0.0,0.021848837,0.4,0.00040039272,0.00040039272,5.2326628e-05,197388,0.0,0.0,0.0,0.5,0.0,0.0,0.0,1,1,0
10000000,9996000,1310988,-9.203929e-05,0.00085311814,-0.000759084,0.34906584,3.918891e-07,3.9187768e-07,4.5857084e-07,1310988,0.0,0.0,0.024094177,0.4,0.0004003958,0.0004003958,4.5089255e-05,197388,0.0,0.0,0.0,0.5,0.0,0.0,0.0,1,1,0
10400000,10396000,1310988,-0.00019326583,0.001044772,-0.0009085709,0.34906584,3.1081717e-07,3.1080785e-07,4.2694805e-07,1310988,0.0,0.0,0.02645897,0.4,0.00040039787,0.00040039787,3.8697333e-05,197388,0.0,0.0,0.0,0.5,0.0,0.0,0.0,1,1,0
10800000,10796000,1310988,-0.00023364609,0.0011816334,-0.0011178486,0.34906584,2.444994e-07,2.4449184e-07,3.957535e-07,1310988,0.0,0.0,0.02840653,0.4,0.0004003993,0.0004003993,3.3320324e-05,197388,0.0,0.0,0.0,0.5,0.0,0.0,0.0,1,1,0
11200000,11196000,1310988,-0.00024588156,0.0010913486,-0.0012708863,0.34906584,1.9220776e-07,1.9220134e-07,3.6550935e-07,1310988,0.0,0.0,0.03015305,0.4,0.00040040008,0.00040040008,2.8668055e-05,197388,0.0,0.0,0.0,0.5,0.0,0.0,0.0,1,1,0
11600000,11596000,1310988,-0.00020708956,0.0010051702,-0.0013219815,0.34906584,1.5159551e-07,1.5158939e-07,3.3659794e-07,1310988,0.0,0.0,0.031784963,0.4,0.0004004008,0.0004004008,2.481286e-05,197388,0.0,0.0,0.0,0.5,0.0,0.0,0.0,1,1,0
12000000,11996000,1310988,-0.00018047962,0.00095558027,-0.0014104781,0.34906584,1.2022142e-07,1.2021627e-07,3.0780157e-07,1310988,0.0,0.0,0.033777047,0.4,0.0004004012,0.0004004012,2.155797e-05,197388,0.0,0.0,0.0,0.5,0.0,0.0,0.0,1,1,0
12400000,12396000,1310988,-0.00012728976,0.0008793561,-0.0015222343,0.34906584,9.602456e-08,9.6019924e-08,2.823377e-07,1310988,0.0,0.0,0.035034154,0.4,0.0004004012,0.0004004012,1.8749008e-05,197388,0.0,0.0,0.0,0.5,0.0,0.0,0.0,1,1,0
12800000,12796000,1310988,-0.0001215259,0.0007984244,-0.0014953827,0.34906584,7.7325154e-08,7.73212e-08,2.587142e-07,1310988,0.0,0.0,0.03686617,0.4,0.0004004012,0.0004004012,1.6429003e-05,197388,0.0,0.0,0.0,0.5,0.0,0.0,0.0,1,1,0
13200000,13196000,1310988,-0.00012569693,0.00075257325,-0.0014796455,0.34906584,6.278318e-08,6.278002e-08,2.3693906e-07,1310988,0.0,0.0,0.03894068,0.4,0.0004004012,0.0004004012,1.4461127e-05,197388,0.0,0.0,0.0,0.5,0.0,0.0,0.0,1,1,0
13600000,13596000,1310988,-9.615734e-05,0.0006570911,-0.0014346282,0.34906584,5.141117e-08,5.1408236e-08,2.1697487e-07,1310988,0.0,0.0,0.04056628,0.4,0.0004004012,0.0004004012,1.2742189e-05,197388,0.0,0.0,0.0,0.5,0.0,0.0,0.0,1,1,0
14000000,13996000,1310988,-9.1811205e-05,0.00056610984,-0.0014182641,0.34906584,4.2467786e-08,4.2465064e-08,1.9777335e-07,1310988,0.0,0.0,0.04233689,0.4,0.0004004012,0.0004004012,1.1315411e-05,197388,0.0,0.0,0.0,0.5,0.0,0.0,0.0,1,1,0
14400000,14396000,1310988,-8.002629e-05,0.00053089816,-0.0013029468,0.34906584,3.5391306e-08,3.538893e-08,1.8125135e-07,1310988,0.0,0.0,0.04441809,0.4,0.0004004012,0.0004004012,1.0091561e-05,197388,0.0,0.0,0.0,0.5,0.0,0.0,0.0,1,1,0
14800000,14796000,1310988,-7.171763e-05,0.00047668227,-0.0011947366,0.34906584,2.974706e-08,2.9745037e-08,1.6624224e-07,1310988,0.0,0.0,0.04627197,0.4,0.0004004012,0.0004004012,9.0055555e-06,197388,0.0,0.0,0.0,0.5,0.0,0.0,0.0,1,1,0
15200000,15196000,1310988,-6.662241e-05,0.0004169059,-0.0012179478,0.34906584,2.5217222e-08,2.5215451e-08,1.5262115e-07,1310988,0.0,0.0,0.047912538,0.4,0.0004004012,0.0004004012,8.097386e-06,197388,0.0,0.0,0.0,0.5,0.0,0.0,0.0,1,1,0
15600000,15596000,1310988,-5.955475e-05,0.00037313654,-0.0011734427,0.34906584,2.1554097e-08,2.1552703e-08,1.40276e-07,1310988,0.0,0.0,0.049755905,0.4,0.0004004012,0.0004004012,7.309337e-06,197388,0.0,0.0,0.0,0.5,0.0,0.0,0.0,1,1,0
16000000,15996000,1310988,-5.9427475e-05,0.00035697513,-0.001138081,0.34906584,1.8570649e-08,1.8569656e-08,1.2909136e-07,1310988,0.0,0.0,0.05144474,0.4,0.0004004012,0.0004004012,6.5980425e-06,197388,0.0,0.0,0.0,0.5,0.0,0.0,0.0,1,1,0
16400000,16396000,1310988,-6.3712025e-05,0.00037668753,-0.0010960874,0.34906584,1.6130269e-08,1.6129658e-08,1.18417965e-07,1310988,-0.00017664956,-3.242476e-05,0.053151544,0.4,0.00040019068,0.00040019068,5.999497e-06,197388,0.0,0.0,0.0,0.5,0.0,0.0,0.0,1,1,0
16800000,16796000,1310988,-6.447245e-05,0.000411563,-0.0010440854,0.34906584,1.4253936e-08,1.42535805e-08,1.09281025e-07,1310988,-0.003941883,-3.672967e-05,0.05458935,0.4,0.00037741824,0.00037741847,5.4741968e-06,197388,0.0,0.0,0.0,0.5,0.0,0.0,0.0,1,1,0
17200000,17196000,1310988,-6.6588495e-05,0.00042448356,-0.0010222279,0.34906584,1.31130475e-08,1.311285e-08,1.0099483e-07,1310988,-0.0065844636,-0.00038386797,0.056172248,0.4,0.0003271211,0.00032712202,5.0050144e-06,197388,0.0,0.0,0.0,0.5,0.0,0.0,0.0,1,1,0
17600000,17596000,1310988,-6.8321744e-05,0.00042803487,-0.0009411878,0.34906584,1.2582509e-08,1.2582381e-08,9.347464e-08,1310988,-0.0076514296,-0.00076467916,0.057475146,0.4,0.00026974472,0.0002697461,5.0050144e-06,197388,0.0,0.0,0.0,0.5,0.0,0.0,0.0,1,1,0
18000000,17996000,1310988,-6.918207e-05,0.00041885668,-0.00091055204,0.34906584,1.2388343e-08,1.238825e-08,8.664436e-08,1310988,-0.00323302,-0.0010238601,0.05859929,0.4,0.00022058171,0.00022058285,5.0050144e-06,197388,0.0,0.0,0.0,0.5,0.0,0.0,0.0,1,1,0
18400000,18396000,1310988,-7.283229e-05,0.00041570258,-0.00089818996,0.34906584,1.2337632e-08,1.233756e-08,8.010294e-08,1310988,-0.00088814425,-0.0034131822,0.059754815,0.4,0.00018332619,0.00018332695,5.0050144e-06,197388,0.0,0.0,0.0,0.5,0.0,0.0,0.0,1,1,0
18600000,18596000,1310988,-7.3029645e-05,0.00041519996,-0.0008673748,0.34906584,1.2317788e-08,1.231773e-08,7.722436e-08,1310988,-0.0001722032,-0.0033838376,0.060767204,0.4,0.00016110585,0.00016110633,5.0050144e-06,197388,0.0,0.0,0.0,0.5,0.0,0.0,0.0,1,1,0
19000000,18996000,1310988,-7.3593335e-05,0.00041544595,-0.0008673776,0.34906584,1.23371e-08,1.2337069e-08,7.18543e-08,1310988,0.00012763614,-0.0039886627,0.061846092,0.4,0.00014260405,0.0001426042,5.0050144e-06,197388,0.0,0.0,0.0,0.5,0.0,0.0,0.0,1,1,0
19400000,19396000,1310988,-7.421644e-05,0.00041528986,-0.0008003575,0.34906584,1.2363137e-08,1.2363139e-08,6.695606e-08,1310988,0.000942266,-0.0047453484,0.062832646,0.4,0.00012832516,0.00012832525,5.0050144e-06,197388,0.0,0.0,0.0,0.5,0.0,0.0,0.0,1,1,0
19800000,19796000,1310988,-7.310066e-05,0.00041445027,-0.00077358977,0.34906584,1.23902675e-08,1.2390299e-08,6.248254e-08,1310988,0.0026545231,-0.0032376691,0.06368043,0.4,0.000118057644,0.00011805752,5.0050144e-06,197388,0.0,0.0,0.0,0.5,0.0,0.0,0.0,1,1,0
20200000,20196000,1310988,-7.130289e-05,0.00041416203,-0.0007511832,0.34906584,1.2416466e-08,1.241652e-08,5.8392224e-08,1310988,0.0030106716,-0.0012993094,0.06485952,0.4,0.00011078736,0.000110787216,5.0050144e-06,197388,0.0,0.0,0.0,0.5,0.0,0.0,0.0,1,1,0
20600000,20596000,1310988,-7.112778e-05,0.0004133504,-0.000709361,0.34906584,1.24404185e-08,1.2440485e-08,5.4445728e-08,1310988,0.003733236,-0.0008882407,0.06605433,0.4,0.00010562848,0.00010562846,5.0050144e-06,197388,0.0,0.0,0.0,0.5,0.0,0.0,0.0,1,1,0
21000000,20996000,1310988,-6.918632e-05,0.00041195194,-0.0007032185,0.34906584,1.24600685e-08,1.2460171e-08,5.1027186e-08,1310988,0.0042962586,0.00017177899,0.066984795,0.4,0.00010199883,0.00010199886,5.0050144e-06,197388,0.0,0.0,0.0,0.5,0.0,0.0,0.0,1,1,0
21400000,21396000,1310988,-6.9545924e-05,0.00041017897,-0.00071616686,0.34906584,1.2472302e-08,1.2472422e-08,4.7888545e-08,1310988,0.004926256,0.00022593464,0.06783311,0.4,9.9511984e-05,9.951199e-05,5.0050144e-06,197388,0.0,0.0,0.0,0.5,0.0,0.0,0.0,1,1,0
21920000,21916000,1310988,-6.850903e-05,0.0004081143,-0.0007251052,0.34906584,1.2483943e-08,1.24840795e-08,4.409155e-08,1310988,0.005351772,0.0005593459,0.068712525,0.4,9.790184e-05,9.790168e-05,5.0050235e-06,197388,0.0,0.0,0.0,0.5,0.0,0.0,0.0,1,1,0
22200000,22196000,1310988,-6.531657e-05,0.0004073439,-0.00071510155,0.34906584,1.2451868e-08,1.2452038e-08,4.2345725e-08,1310988,0.0054568173,0.0010949563,0.06978747,0.4,9.695424e-05,9.6953714e-05,5.0050144e-06,197388,0.0,0.0,0.0,0.5,0.0,0.0,0.0,1,1,0
22600000,22596000,1310988,-7.0677495e-05,0.00039588357,-0.00066707854,0.34906584,1.2403406e-08,1.2403579e-08,3.9896662e-08,1310988,0.0063365246,0.0009010114,0.07090109,0.4,9.64819e-05,9.648064e-05,5.0050144e-06,197388,0.0,0.0,0.0,0.5,0.0,0.0,0.0,1,1,0
23000000,22996000,1310988,-7.109319e-05,0.00039686367,-0.00067251775,0.34906584,1.243823e-08,1.24384565e-08,3.967105e-08,1310988,0.0071463212,0.000693831,0.07201297,0.4,9.425364e-05,9.4251314e-05,5.0050144e-06,197388,0.0,0.0,0.0,0.5,0.0,0.0,0.0,1,1,0
23400000,23396000,1310988,-6.3980406e-05,0.00040288692,-0.00067305466,0.34906584,1.2357967e-08,1.235829e-08,3.970695e-08,1310988,0.0083547365,-0.0008239965,0.07313897,0.4,8.949765e-05,8.949414e-05,5.0050144e-06,197388,0.0,0.0,0.0,0.5,0.0,0.0,0.0,1,1,0
23800000,23796000,1310988,-5.2986583e-05,0.0004121801,-0.00067443,0.34906584,1.2132527e-08,1.2132978e-08,3.97369e-08,1310988,0.009773597,-0.0025271273,0.07415065,0.4,8.36139e-05,8.36087e-05,5.0050144e-06,197388,0.0,0.0,0.0,0.5,0.0,0.0,0.0,1,1,0
24200000,24196000,1310988,-3.7038648e-05,0.00043056835,-0.00067368895,0.34906584,1.18498376e-08,1.1850422e-08,3.975843e-08,1310988,0.012195133,-0.0045885565,0.07522749,0.4,7.8263896e-05,7.8256926e-05,5.0050144e-06,197388,0.0,0.0,0.0,0.5,0.0,0.0,0.0,1,1,0
24600000,24596000,1310988,-3.3358458e-05,0.00043995172,-0.0006747453,0.34906584,1.1579564e-08,1.1580267e-08,3.97691e-08,1310988,0.0133133,-0.005034947,0.076062955,0.4,7.4012634e-05,7.4004514e-05,5.0050144e-06,197388,0.0,0.0,0.0,0.5,0.0,0.0,0.0,1,1,0
25000000,24996000,1310988,-3.1348874e-05,0.00044436843,-0.0006752004,0.34906584,1.1369456e-08,1.1370256e-08,3.9763613e-08,1310988,0.013803591,-0.0052693086,0.07695295,0.4,7.101023e-05,7.100115e-05,5.0050144e-06,197388,0.0,0.0,0.0,0.5,0.0,0.0,0.0,1,1,0
25400000,25396000,1310988,-3.12813e-05,0.00045565606,-0.0006726112,0.34906584,1.1232146e-08,1.1233117e-08,3.9744233e-08,1310988,0.014978648,-0.0052674324,0.07798689,0.4,6.90746e-05,6.906377e-05,5.0050144e-06,197388,0.0,0.0,0.0,0.5,0.0,0.0,0.0,1,1,0
25820000,25816000,1310988,-2.745212e-05,0.00045506866,-0.00066622,0.34906584,1.1162135e-08,1.1163247e-08,3.970376e-08,1310988,0.01491227,-0.0056618587,0.07892993,0.4,6.792458e-05,6.791244e-05,5.0050144e-06,197388,0.0,0.0,0.0,0.5,0.0,0.0,0.0,1,1,0
26200000,26196000,1310988,-3.0567833e-05,0.00045647603,-0.0006644662,0.34906584,1.1139203e-08,1.1140484e-08,3.9648388e-08,1310988,0.015049669,-0.00533596,0.07989963,0.4,6.730978e-05,6.729618e-05,5.0050144e-06,197388,0.0,0.0,0.0,0.5,0.0,0.0,0.0,1,1,0
26840000,26836000,1310988,-3.238798e-05,0.0004604394,-0.00065705826,0.34906584,1.1177426e-08,1.1178881e-08,3.9506162e-08,1310988,0.015439703,-0.0051389197,0.08083782,0.4,6.7028624e-05,6.701361e-05,5.005024e-06,197388,0.0,0.0,0.0,0.5,0.0,0.0,0.0,1,1,0
27400000,27396000,1310988,-3.3111985e-05,0.0004625747,-0.0006659151,0.34906584,1.1227799e-08,1.1229284e-08,3.9320625e-08,1310988,0.015670037,-0.004962504,0.08186786,0.4,6.689976e-05,6.688434e-05,5.0050144e-06,197388,0.0,0.0,0.0,0.5,0.0,0.0,0.0,1,1,0
28200000,28196000,1310988,-2.2145037e-05,0.0004631561,-0.00066043367,0.34906584,1.1269735e-08,1.1270188e-08,3.8968274e-08,1310988,0.015727082,-0.00566582,0.08291346,0.4,6.6655215e-05,6.664707e-05,5.0050144e-06,197388,0.0,0.0,0.0,0.5,0.0,0.0,0.0,1,1,0
29000000,28996000,1310988,1.9221313e-06,0.00045018425,-0.0006557652,0.34906584,1.1183597e-08,1.1181454e-08,3.849025e-08,1310988,0.014851563,-0.007328538,0.084067084,0.4,6.577537e-05,6.57848e-05,5.0050144e-06,197388,0.0,0.0,0.0,0.5,0.0,0.0,0.0,1,1,0
29400000,29396000,1310988,1.6029699e-05,0.00044065499,-0.0006507567,0.34906584,1.1070785e-08,1.10667875e-08,3.8184535e-08,1310988,0.014204628,-0.0083034355,0.08438988,0.4,6.501212e-05,6.503396e-05,5.0050144e-06,197388,0.0,0.0,0.0,0.5,0.0,0.0,0.0,1,1,0
29800000,29796000,1310988,3.125547e-05,0.0004359975,-0.000647265,0.34906584,1.0905459e-08,1.08993365e-08,3.7861145e-08,1310988,0.0139073925,-0.0093305465,0.08512456,0.4,6.402366e-05,6.405941e-05,5.0050144e-06,197388,0.0,0.0,0.0,0.5,0.0,0.0,0.0,1,1,0
30200000,30196000,1310988,5.0772713e-05,0.0004244387,-0.00065738265,0.34906584,1.0688091e-08,1.06788685e-08,3.74991e-08,1310988,0.013159304,-0.010637217,0.0858793,0.4,6.2824234e-05,6.2879444e-05,5.0050144e-06,197388,0.0,0.0,0.0,0.5,0.0,0.0,0.0,1,1,0
30600000,30596000,1310988,8.611071e-05,0.00041074833,-0.00065287465,0.34906584,1.0423598e-08,1.0410649e-08,3.711098e-08,1310988,0.0122895595,-0.012975677,0.08645787,0.4,6.1454164e-05,6.153345e-05,5.0050144e-06,197388,0.0,0.0,0.0,0.5,0.0,0.0,0.0,1,1,0
31000000,30996000,1310988,0.00011777915,0.00039396252,-0.0006501528,0.34906584,1.0107644e-08,1.00903526e-08,3.669226e-08,1310988,0.011229048,-0.015048316,0.0871466,0.4,5.989489e-05,6.0002818e-05,5.0050144e-06,197388,0.0,0.0,0.0,0.5,0.0,0.0,0.0,1,1,0
31400000,31396000,1310988,0.0001427018,0.00037475943,-0.0006313797,0.34906584,9.746899e-09,9.723912e-09,3.6236735e-08,1310988,0.0100152595,-0.016663345,0.08783384,0.4,5.8178724e-05,5.8323007e-05,5.0050144e-06,197388,0.0,0.0,0.0,0.5,0.0,0.0,0.0,1,1,0
31800000,31796000,1310988,0.0001649947,0.00035646628,-0.00062689313,0.34906584,9.319177e-09,9.290111e-09,3.571577e-08,1310988,0.008849973,-0.018106557,0.088171564,0.4,5.618108e-05,5.6363002e-05,5.0050144e-06,197388,0.0,0.0,0.0,0.5,0.0,0.0,0.0,1,1,0
32200000,32196000,1310988,0.00019909596,0.00032168033,-0.000617025,0.34906584,8.872628e-09,8.839206e-09,3.52039e-08,1310988,0.0066420967,-0.020291092,0.08838077,0.4,5.4168733e-05,5.4379332e-05,5.0050144e-06,197388,0.0,0.0,0.0,0.5,0.0,0.0,0.0,1,1,0
32600000,32596000,1310988,0.00023268952,0.00028695154,-0.00059483433,0.34906584,8.372702e-09,8.336851e-09,3.466512e-08,1310988,0.004428279,-0.022454048,0.088611044,0.4,5.1932042e-05,5.2159783e-05,5.0050144e-06,197388,0.0,0.0,0.0,0.5,0.0,0.0,0.0,1,1,0
33000000,32996000,1310988,0.00025797583,0.00026536878,-0.00058685284,0.34906584,7.893842e-09,7.854279e-09,3.409376e-08,1310988,0.003084467,-0.024052864,0.08899189,0.4,4.9847527e-05,5.0098533e-05,5.0050144e-06,197388,0.0,0.0,0.0,0.5,0.0,0.0,0.0,1,1,0
33400000,33396000,1310988,0.00029223692,0.00023533731,-0.0005605863,0.34906584,7.407291e-09,7.365937e-09,3.3503785e-08,1310988,0.0012115138,-0.026214654,0.089236885,0.4,4.7755435e-05,4.8018388e-05,5.0050144e-06,197388,0.0,0.0,0.0,0.5,0.0,0.0,0.0,1,1,0
33800000,33796000,1310988,0.00030884097,0.00021103109,-0.00053564564,0.34906584,6.975384e-09,6.9336052e-09,3.285681e-08,1310988,-0.00026208203,-0.027236514,0.08953737,0.4,4.5988167e-05,4.626127e-05,5.0050144e-06,197388,0.0,0.0,0.0,0.5,0.0,0.0,0.0,1,1,0
34208000,34204000,1310988,0.00032916456,0.00020436193,-0.0005015886,0.34906584,6.531046e-09,6.489042e-09,3.216434e-08,1310988,-0.0006217968,-0.028465409,0.089838624,0.4,4.413959e-05,4.4419256e-05,4.994964e-06,197388,0.0,0.0,0.0,0.5,0.0,0.0,0.0,1,1,0
34600000,34596000,1310988,0.0003443198,0.00018989437,-0.00046961042,0.34906584,6.158646e-09,6.1143375e-09,3.1576192e-08,1310988,-0.0015148913,-0.0293901,0.0899706,0.4,4.2701715e-05,4.2998097e-05,5.0050144e-06,197388,0.0,0.0,0.0,0.5,0.0,0.0,0.0,1,1,0
35000000,34996000,1310988,0.00036176425,0.00017359456,-0.00042733937,0.34906584,5.78783e-09,5.7434675e-09,3.091579e-08,1310988,-0.002480121,-0.030438343,0.09021011,0.4,4.1243704e-05,4.154359e-05,5.0050144e-06,197388,0.0,0.0,0.0,0.5,0.0,0.0,0.0,1,1,0
35400000,35396000,1310988,0.00037824476,0.00016237855,-0.00037419604,0.34906584,5.4426343e-09,5.400189e-09,3.0243893e-08,1310988,-0.003138915,-0.031419985,0.09039094,0.4,3.99123e-05,4.0205643e-05,5.0050144e-06,197388,0.0,0.0,0.0,0.5,0.0,0.0,0.0,1,1,0
37400000,37396000,1310988,0.00037488624,0.00016104073,-0.00020145196,0.34906584,4.145136e-09,4.1092476e-09,2.6743239e-08,1310988,-0.0032083916,-0.031305257,0.091484256,0.4,3.51091e-05,3.537279e-05,5.0050144e-06,197388,0.0,0.0,0.0,0.5,0.0,0.0,0.0,1,1,0
39000000,38996000,1310988,0.0003573313,0.00018235466,-6.829397e-05,0.34906584,3.5035705e-09,3.4727659e-09,2.3959966e-08,1310988,-0.0021101902,-0.030465804,0.09189973,0.4,3.291435e-05,3.315291e-05,5.0050144e-06,197388,0.0,0.0,0.0,0.5,0.0,0.0,0.0,1,1,0
40604000,40604000,1310988,0.00034046845,0.0001934539,1.8349757e-06,0.34906584,3.0760718e-09,3.049465e-09,2.127951e-08,1310988,-0.0015471929,-0.029680558,0.09226301,0.4,3.1499607e-05,3.1716838e-05,4.994964e-06,197388,0.0,0.0,0.0,0.5,0.0,0.0,0.0,1,1,0
41404000,41404000,1310988,0.00034167798,0.0001676035,2.1520344e-05,0.34906584,2.9195322e-09,2.8951266e-09,2.0023997e-08,1310988,-0.0027141855,-0.029735168,0.09213473,0.4,3.10179e-05,3.1223837e-05,4.994964e-06,197388,0.0,0.0,0.0,0.5,0.0,0.0,0.0,1,1,0
42604000,42604000,1310988,0.00034728876,0.00014241929,9.227042e-05,0.34906584,2.73443e-09,2.712184e-09,1.8310265e-08,1310988,-0.0037702073,-0.02996576,0.09152609,0.4,3.0453994e-05,3.0645482e-05,4.994964e-06,197388,0.0,0.0,0.0,0.5,0.0,0.0,0.0,1,1,0
44204000,44204000,1310988,0.0003480813,0.00013035392,0.00013347226,0.34906584,2.5595532e-09,2.5394722e-09,1.6208825e-08,1310988,-0.004196656,-0.029982388,0.090397276,0.4,2.994804e-05,3.0126037e-05,4.994964e-06,197388,0.0,0.0,0.0,0.5,0.0,0.0,0.0,1,1,0
45804000,45804000,1310988,0.00034458126,0.00011688359,0.00020293855,0.34906584,2.428192e-09,2.4104783e-09,1.43724685e-08,1310988,-0.004677282,-0.029854946,0.08941046,0.4,2.9561139e-05,2.972222e-05,4.994964e-06,197388,0.0,0.0,0.0,0.5,0.0,0.0,0.0,1,1,0
48204000,48204000,1310988,0.0003219371,8.9579524e-05,0.0002685498,0.34906584,2.2958535e-09,2.2811641e-09,1.2078855e-08,1310988,-0.005560944,-0.029189704,0.0886879,0.4,2.9168266e-05,2.9306766e-05,4.994964e-06,197388,0.0,0.0,0.0,0.5,0.0,0.0,0.0,1,1,0
50204000,50204000,1310988,0.00028301866,6.530486e-05,0.00030652407,0.34906584,2.2237874e-09,2.2106814e-09,1.052282e-08,1310988,-0.0062846486,-0.02815876,0.08880287,0.4,2.8963439e-05,2.9093539e-05,4.994964e-06,197388,0.0,0.0,0.0,0.5,0.0,0.0,0.0,1,1,0
51804000,51804000,1310988,0.00025437275,5.2924126e-05,0.00033865563,0.34906584,2.1817108e-09,2.1692674e-09,9.493137e-09,1310988,-0.006678341,-0.027463414,0.0894292,0.4,2.8841236e-05,2.8968763e-05,4.994964e-06,197388,0.0,0.0,0.0,0.5,0.0,0.0,0.0,1,1,0
52604000,52604000,1310988,0.00024897122,9.913256e-05,0.000339941,0.34906584,2.1438424e-09,2.1321676e-09,9.023853e-09,1310988,-0.007791395,-0.027609093,0.089504994,0.4,2.8715936e-05,2.8842349e-05,4.994964e-06,197388,0.0,0.0,0.0,0.5,0.0,0.0,0.0,1,1,0
53004000,53004000,1310988,0.00024889933,0.000112042086,0.000338132,0.34906584,2.125209e-09,2.1140774e-09,8.809899e-09,1310988,-0.008815754,-0.02758245,0.08958666,0.4,2.8332739e-05,2.8455956e-05,4.994964e-06,197388,0.0,0.0,0.0,0.5,0.0,0.0,0.0,1,1,0
53804000,53804000,1310988,0.00024196036,0.0001235897,0.00033361462,0.34906584,2.1071656e-09,2.096971e-09,8.406047e-09,1310988,-0.0100999195,-0.028328462,0.08981472,0.4,2.688914e-05,2.7002574e-05,4.994964e-06,197388,0.0,0.0,0.0,0.5,0.0,0.0,0.0,1,1,0
54604000,54604000,1310988,0.0002345424,0.00012127175,0.0003285495,0.34906584,2.1203477e-09,2.1106847e-09,8.020505e-09,1310988,-0.009552328,-0.029422535,0.09059751,0.4,2.5154908e-05,2.5260928e-05,4.994964e-06,197388,0.0,0.0,0.0,0.5,0.0,0.0,0.0,1,1,0
55016000,55016000,1310988,0.00023121775,0.00011871108,0.000313445,0.34906584,2.1413273e-09,2.131804e-09,7.861592e-09,1310988,-0.0089872,-0.030107744,0.091154225,0.4,2.4410087e-05,2.4514178e-05,5.0050235e-06,197388,0.0,0.0,0.0,0.5,0.0,0.0,0.0,1,1,0
55404000,55404000,1310988,0.0002266155,0.00011450099,0.00029904238,0.34906584,2.1557087e-09,2.14632e-09,7.675881e-09,1310988,-0.008142969,-0.030762492,0.09135562,0.4,2.3660175e-05,2.3763083e-05,4.994964e-06,197388,0.0,0.0,0.0,0.5,0.0,0.0,0.0,1,1,0
55804000,55804000,1310988,0.00022234152,0.00011203722,0.0003052994,0.34906584,2.1783804e-09,2.1690676e-09,7.513113e-09,1310988,-0.007613979,-0.03151516,0.09186217,0.4,2.3054234e-05,2.3156146e-05,4.994964e-06,197388,0.0,0.0,0.0,0.5,0.0,0.0,0.0,1,1,0
56204000,56204000,1310988,0.00021815933,0.00010556817,0.00029363474,0.34906584,2.2029125e-09,2.1936608e-09,7.3568716e-09,1310988,-0.006353789,-0.03223698,0.09241526,0.4,2.2542134e-05,2.2643615e-05,4.994964e-06,197388,0.0,0.0,0.0,0.5,0.0,0.0,0.0,1,1,0
56616000,56616000,1310988,0.00021654152,0.000101309786,0.00028882487,0.34906584,2.2338806e-09,2.224662e-09,7.211578e-09,1310988,-0.0055378084,-0.032613553,0.09305429,0.4,2.2163658e-05,2.2265038e-05,5.0050235e-06,197388,0.0,0.0,0.0,0.5,0.0,0.0,0.0,1,1,0
57016000,57016000,1310988,0.00021379167,9.806497e-05,0.0002854411,0.34906584,2.2600393e-09,2.2508544e-09,7.0669683e-09,1310988,-0.0049351407,-0.03299306,0.09388399,0.4,2.181172e-05,2.1912658e-05,5.0050235e-06,197388,0.0,0.0,0.0,0.5,0.0,0.0,0.0,1,1,0
57404000,57404000,1310988,0.00021065786,9.046752e-05,0.00029296931,0.34906584,2.2804727e-09,2.271335e-09,6.9127872e-09,1310988,-0.0037993612,-0.033266004,0.094485596,0.4,2.1483364e-05,2.158387e-05,4.994964e-06,197388,0.0,0.0,0.0,0.5,0.0,0.0,0.0,1,1,0
57804000,57804000,1310988,0.00020818526,8.5463995e-05,0.00029272528,0.34906584,2.306092e-09,2.2969822e-09,6.7793473e-09,1310988,-0.0031067112,-0.033526823,0.09531313,0.4,2.1251542e-05,2.1351294e-05,4.994964e-06,197388,0.0,0.0,0.0,0.5,0.0,0.0,0.0,1,1,0
58216000,58216000,1310988,0.00020586024,8.487524e-05,0.00030394006,0.34906584,2.3361395e-09,2.3270348e-09,6.6562915e-09,1310988,-0.0029776061,-0.03383582,0.09646324,0.4,2.1115025e-05,2.121446e-05,5.0050235e-06,197388,0.0,0.0,0.0,0.5,0.0,0.0,0.0,1,1,0
58836000,58836000,1310988,0.000204329,8.0728416e-05,0.00030572468,0.34906584,2.3815456e-09,2.3724225e-09,6.465204e-09,1310988,-0.0025437742,-0.03392771,0.09736139,0.4,2.097241e-05,2.1070713e-05,5.0050235e-06,197388,0.0,0.0,0.0,0.5,0.0,0.0,0.0,1,1,0
59016000,59016000,1310988,0.00020495313,7.275715e-05,0.00030581545,0.34906584,2.3809459e-09,2.3718092e-09,6.4132224e-09,1310988,-0.0019137677,-0.03383735,0.098181136,0.4,2.0866597e-05,2.0963464e-05,5.0050144e-06,197388,0.0,0.0,0.0,0.5,0.0,0.0,0.0,1,1,0
59596000,59596000,1310988,0.00020724854,6.7665926e-05,0.00029622987,0.34906584,2.4194493e-09,2.410275e-09,6.2486163e-09,1310988,-0.0015544468,-0.033631347,0.09910474,0.4,2.0778785e-05,2.0873867e-05,5.0050235e-06,197388,0.0,0.0,0.0,0.5,0.0,0.0,0.0,1,1,0
60036000,60036000,1310988,0.00020937108,6.654407e-05,0.00028510747,0.34906584,2.441572e-09,2.432327e-09,6.128403e-09,1310988,-0.0014470983,-0.03347383,0.10010422,0.4,2.0715563e-05,2.0808884e-05,5.0050235e-06,197388,0.0,0.0,0.0,0.5,0.0,0.0,0.0,1,1,0
60604000,60604000,1310988,0.0002140097,5.1045008e-05,0.00028067548,0.34906584,2.4415008e-09,2.4319946e-09,5.9658323e-09,1310988,-0.0009121255,-0.033195715,0.100920096,0.4,2.060223e-05,2.0692507e-05,4.994964e-06,197388,0.0,0.0,0.0,0.5,0.0,0.0,0.0,1,1,0
62004000,62004000,1310988,0.00024399429,0.0001092797,0.00027277542,0.34906584,2.3989637e-09,2.3896185e-09,5.63043e-09,1310988,-0.002470766,-0.032193895,0.101277635,0.4,2.0296024e-05,2.0381722e-05,4.994964e-06,197388,0.0,0.0,0.0,0.5,0.0,0.0,0.0,1,1,0
62404000,62404000,1310988,0.00025304718,0.00011892639,0.0002680165,0.34906584,2.3758264e-09,2.3666513e-09,5.5453944e-09,1310988,-0.0031861237,-0.031480733,0.10136331,0.4,1.9922034e-05,2.0002572e-05,4.994964e-06,197388,0.0,0.0,0.0,0.5,0.0,0.0,0.0,1,1,0
63204000,63204000,1310988,0.00026663454,0.00012939604,0.00025469795,0.34906584,2.3354718e-09,2.3267452e-09,5.385254e-09,1310988,-0.0040793023,-0.03018916,0.1015332,0.4,1.8913051e-05,1.8981484e-05,4.994964e-06,197388,0.0,0.0,0.0,0.5,0.0,0.0,0.0,1,1,0
63616000,63616000,1310988,0.000273578,0.00013625727,0.00024024742,0.34906584,2.329373e-09,2.320644e-09,5.31501e-09,1310988,-0.0046797204,-0.029570354,0.10206026,0.4,1.8421906e-05,1.8484992e-05,5.0050144e-06,197388,0.0,0.0,0.0,0.5,0.0,0.0,0.0,1,1,0
65204000,65204000,1310988,0.00028248996,0.0001342793,0.00023559589,0.34906584,2.3269442e-09,2.3178963e-09,5.0279154e-09,1310988,-0.004418954,-0.028559592,0.10196499,0.4,1.6786884e-05,1.6837233e-05,4.994964e-06,197388,0.0,0.0,0.0,0.5,0.0,0.0,0.0,1,1,0
66404000,66404000,1310988,0.0002906899,0.00012578323,0.00023122913,0.34906584,2.3600435e-09,2.3505489e-09,4.841057e-09,1310988,-0.0036691497,-0.027892562,0.10181804,0.4,1.6169064e-05,1.6220281e-05,4.994964e-06,197388,0.0,0.0,0.0,0.5,0.0,0.0,0.0,1,1,0
67004000,67004000,1310988,0.00029532306,0.000110971196,0.00022590853,0.34906584,2.3707356e-09,2.3610034e-09,4.758225e-09,1310988,-0.002725945,-0.027631687,0.1014701,0.4,1.5951808e-05,1.6004784e-05,4.994964e-06,197388,0.0,0.0,0.0,0.5,0.0,0.0,0.0,1,1,0
68204000,68204000,1310988,0.00030099732,7.3875766e-05,0.0002132658,0.34906584,2.389987e-09,2.3797218e-09,4.597397e-09,1310988,-0.001199539,-0.027465835,0.10111654,0.4,1.5739095e-05,1.5793523e-05,4.994964e-06,197388,0.0,0.0,0.0,0.5,0.0,0.0,0.0,1,1,0
68984000,68984000,1310988,0.00030193507,5.871719e-05,0.00021432407,0.34906584,2.4174212e-09,2.4066635e-09,4.5149147e-09,1310988,-0.00021847604,-0.027520841,0.10092504,0.4,1.5531747e-05,1.5585474e-05,4.9950245e-06,197388,0.0,0.0,0.0,0.5,0.0,0.0,0.0,1,1,0
69404000,69404000,1310988,0.00030530145,3.929971e-05,0.00021345624,0.34906584,2.35145e-09,2.3404978e-09,4.5527577e-09,1310988,0.0012073809,-0.02749263,0.10024785,0.4,1.4895255e-05,1.4947183e-05,4.994964e-06,197388,0.0,0.0,0.0,0.5,0.0,0.0,0.0,1,1,0
70204000,70204000,1310988,0.00031181658,3.8426406e-05,0.00021179277,0.34906584,2.3256537e-09,2.3143552e-09,4.6201674e-09,1310988,0.0010695857,-0.027348042,0.09892978,0.4,1.41854935e-05,1.4238508e-05,4.994964e-06,197388,0.0,0.0,0.0,0.5,0.0,0.0,0.0,1,1,0
